3
1000
1000
4.308869e-02
10 01
T T
2.154435e-02 2.154435e-02 1.000000 0.025712 0.878561
2.774213e-01 2.130970e-02 2.130970e-02 1.000000 0.989280 0.203367
1.531701e-01 2.051338e-02 2.051338e-02 1.000000 0.382941 0.944442
9.609031e-01 2.024577e-02 2.024577e-02 1.000000 0.044839 0.644795
5.756539e-01 2.016527e-02 2.016527e-02 1.000000 0.987683 0.613249
1.869842e-01 1.920970e-02 1.920970e-02 1.000000 0.773214 0.951318
8.262914e-01 1.867031e-02 1.867031e-02 1.000000 0.191595 0.020985
7.195086e-01 1.832894e-02 1.832894e-02 1.000000 0.680528 0.846548
6.752956e-01 1.824794e-02 1.824794e-02 1.000000 0.593563 0.967650
7.546870e-01 1.822168e-02 1.822168e-02 1.000000 0.107997 0.306447
7.022328e-01 1.802874e-02 1.802874e-02 1.000000 0.287704 0.988472
6.972891e-02 1.796093e-02 1.796093e-02 1.000000 0.984585 0.698428
7.114254e-01 1.785656e-02 1.785656e-02 1.000000 0.196331 0.369134
7.122688e-01 1.769300e-02 1.769300e-02 1.000000 0.366648 0.688350
5.079836e-01 1.729092e-02 1.729092e-02 1.000000 0.938413 0.487348
2.246837e-01 1.715850e-02 1.715850e-02 1.000000 0.463772 0.775227
6.659482e-01 1.706660e-02 1.706660e-02 1.000000 0.280456 0.275753
6.868168e-01 1.700068e-02 1.700068e-02 1.000000 0.179372 0.526872
9.754311e-01 1.691225e-02 1.691225e-02 1.000000 0.224370 0.941900
9.879516e-01 1.658042e-02 1.658042e-02 1.000000 0.844433 0.966280
6.106777e-01 1.654833e-02 1.654833e-02 1.000000 0.265653 0.718687
6.029014e-01 1.625560e-02 1.625560e-02 1.000000 0.381107 0.912828
3.100275e-01 1.600230e-02 1.600230e-02 1.000000 0.736213 0.049755
1.192575e-01 1.598335e-02 1.598335e-02 1.000000 0.616304 0.038658
3.278164e-01 1.588479e-02 1.588479e-02 1.000000 0.063713 0.805911
9.588324e-01 1.587466e-02 1.587466e-02 1.000000 0.748747 0.271047
6.296097e-01 1.582274e-02 1.582274e-02 1.000000 0.669291 0.681205
2.742397e-02 1.512243e-02 1.512243e-02 1.000000 0.574065 0.642813
2.687711e-01 1.494212e-02 1.494212e-02 1.000000 0.645590 0.210329
5.351591e-01 1.467664e-02 1.467664e-02 1.000000 0.571285 0.860451
3.965167e-02 1.462346e-02 1.462346e-02 1.000000 0.373136 0.433000
6.063993e-02 1.433919e-02 1.433919e-02 1.000000 0.848649 0.179714
3.974466e-01 1.432600e-02 1.432600e-02 1.000000 0.203635 0.414074
5.645961e-01 1.427041e-02 1.427041e-02 1.000000 0.204380 0.392164
9.892460e-01 1.417261e-02 1.417261e-02 1.000000 0.752060 0.877794
6.894911e-01 1.386281e-02 1.386281e-02 1.000000 0.140186 0.149903
1.293903e-01 1.381683e-02 1.381683e-02 1.000000 0.302269 0.882486
3.839776e-01 1.353691e-02 1.353691e-02 1.000000 0.352426 0.107638
1.779226e-01 1.353113e-02 1.353113e-02 1.000000 0.932474 0.886177
7.897069e-02 1.344796e-02 1.344796e-02 1.000000 0.300176 0.699103
2.367860e-03 1.334165e-02 1.334165e-02 1.000000 0.343310 0.943853
1.377794e-01 1.319993e-02 1.319993e-02 1.000000 0.632800 0.246524
6.443406e-01 1.318015e-02 1.318015e-02 1.000000 0.749460 0.459561
5.909463e-01 1.308757e-02 1.308757e-02 1.000000 0.736937 0.132082
4.729603e-01 1.295775e-02 1.295775e-02 1.000000 0.376433 0.562120
6.015504e-01 1.294582e-02 1.294582e-02 1.000000 0.604152 0.449688
5.493430e-01 1.284871e-02 1.284871e-02 1.000000 0.773583 0.181509
9.051779e-01 1.281846e-02 1.281846e-02 1.000000 0.825762 0.254657
5.245875e-01 1.258017e-02 1.258017e-02 1.000000 0.794908 0.726393
1.757476e-01 1.253782e-02 1.253782e-02 1.000000 0.964612 0.863355
2.382088e-01 1.244681e-02 1.244681e-02 1.000000 0.576316 0.980744
4.033206e-02 1.223188e-02 1.223188e-02 1.000000 0.357839 0.304497
2.420907e-01 1.220336e-02 1.220336e-02 1.000000 0.664633 0.845796
1.602155e-01 1.209702e-02 1.209702e-02 1.000000 0.289427 0.294135
3.652922e-01 1.206749e-02 1.206749e-02 1.000000 0.122711 0.652952
4.139738e-01 1.199258e-02 1.199258e-02 1.000000 0.833050 0.653435
9.606712e-01 1.195366e-02 1.195366e-02 1.000000 0.149392 0.297827
2.964090e-01 1.191435e-02 1.191435e-02 1.000000 0.338931 0.294959
7.954362e-01 1.187364e-02 1.187364e-02 1.000000 0.660630 0.053652
9.350139e-02 1.178414e-02 1.178414e-02 1.000000 0.695333 0.750022
9.538206e-01 1.175508e-02 1.175508e-02 1.000000 0.828555 0.467504
3.533272e-01 1.159518e-02 1.159518e-02 1.000000 0.886524 0.688434
8.947485e-01 1.154138e-02 1.154138e-02 1.000000 0.224497 0.779317
9.982677e-01 1.142172e-02 1.142172e-02 1.000000 0.073188 0.257944
1.639230e-01 1.135967e-02 1.135967e-02 1.000000 0.697957 0.681032
9.773890e-02 1.121146e-02 1.121146e-02 1.000000 0.566125 0.988359
7.448714e-01 1.118395e-02 1.118395e-02 1.000000 0.947747 0.274213
8.230209e-01 1.118226e-02 1.118226e-02 1.000000 0.830695 0.107593
8.590401e-01 1.117870e-02 1.117870e-02 1.000000 0.573534 0.298020
1.302185e-01 1.115556e-02 1.115556e-02 1.000000 0.413860 0.814094
2.016605e-01 1.110848e-02 1.110848e-02 1.000000 0.724846 0.237512
3.566128e-01 1.109452e-02 1.109452e-02 1.000000 0.645506 0.321631
6.438601e-02 1.106800e-02 1.106800e-02 1.000000 0.421411 0.069130
5.587257e-02 1.106049e-02 1.106049e-02 1.000000 0.239645 0.935736
5.831074e-01 1.099761e-02 1.099761e-02 1.000000 0.894582 0.609091
9.651601e-01 1.089960e-02 1.089960e-02 1.000000 0.271889 0.623638
4.227737e-01 1.084133e-02 1.084133e-02 1.000000 0.236880 0.559978
9.953497e-01 1.081962e-02 1.081962e-02 1.000000 0.729253 0.145817
3.168475e-01 1.077873e-02 1.077873e-02 1.000000 0.953358 0.913887
9.427975e-01 1.075215e-02 1.075215e-02 1.000000 0.839210 0.459078
1.819558e-01 1.072752e-02 1.072752e-02 1.000000 0.429604 0.978933
4.387066e-02 1.072322e-02 1.072322e-02 1.000000 0.689708 0.280764
8.232607e-01 1.069386e-02 1.069386e-02 1.000000 0.141591 0.460249
9.821721e-01 1.061335e-02 1.061335e-02 1.000000 0.426623 0.073807
1.984889e-01 1.057191e-02 1.057191e-02 1.000000 0.705417 0.158567
9.104440e-01 1.049702e-02 1.049702e-02 1.000000 0.985088 0.620179
4.180255e-01 1.048288e-02 1.048288e-02 1.000000 0.732817 0.344927
8.967356e-01 1.047059e-02 1.047059e-02 1.000000 0.118182 0.807926
2.653221e-01 1.043531e-02 1.043531e-02 1.000000 0.052220 0.791171
5.346816e-01 1.028207e-02 1.028207e-02 1.000000 0.964380 0.190322
1.063002e-02 1.027919e-02 1.027919e-02 1.000000 0.561741 0.534484
6.795331e-01 1.025514e-02 1.025514e-02 1.000000 0.823375 0.723212
9.935590e-01 1.024172e-02 1.024172e-02 1.000000 0.697090 0.947517
9.841156e-02 1.024099e-02 1.024099e-02 1.000000 0.985002 0.633303
2.752699e-01 1.023974e-02 1.023974e-02 1.000000 0.402166 0.467704
3.550243e-02 1.022714e-02 1.022714e-02 1.000000 0.630329 0.071322
1.044392e-01 1.021928e-02 1.021928e-02 1.000000 0.621410 0.280000
8.607481e-01 1.017905e-02 1.017905e-02 1.000000 0.570420 0.193879
1.404530e-01 1.012400e-02 1.012400e-02 1.000000 0.871227 0.621314
7.681692e-01 1.011770e-02 1.011770e-02 1.000000 0.997001 0.098616
8.996522e-01 1.005108e-02 1.005108e-02 1.000000 0.741090 0.529306
1.915196e-01 1.003967e-02 1.003967e-02 1.000000 0.136231 0.198206
2.611165e-01 1.003349e-02 1.003349e-02 1.000000 0.129048 0.906651
7.504321e-01 1.002661e-02 1.002661e-02 1.000000 0.035142 0.336497
3.654136e-01 1.002026e-02 1.002026e-02 1.000000 0.859213 0.214762
4.977018e-01 1.001256e-02 1.001256e-02 1.000000 0.770643 0.594920
3.096999e-01 9.959841e-03 9.959841e-03 1.000000 0.752948 0.231349
6.655081e-02 9.911252e-03 9.911252e-03 1.000000 0.667140 0.126920
2.485722e-01 9.894488e-03 9.894488e-03 1.000000 0.959364 0.874097
2.036707e-01 9.885430e-03 9.885430e-03 1.000000 0.760525 0.098786
3.054086e-01 9.879965e-03 9.879965e-03 1.000000 0.802041 0.244554
7.182935e-02 9.844752e-03 9.844752e-03 1.000000 0.010755 0.408595
8.272342e-01 9.837458e-03 9.837458e-03 1.000000 0.981477 0.659937
8.880116e-01 9.823038e-03 9.823038e-03 1.000000 0.566366 0.287650
8.427827e-01 9.807983e-03 9.807983e-03 1.000000 0.551038 0.917259
4.069375e-01 9.806611e-03 9.806611e-03 1.000000 0.188634 0.688807
1.804414e-01 9.788121e-03 9.788121e-03 1.000000 0.772103 0.713923
7.396579e-02 9.730090e-03 9.730090e-03 1.000000 0.323130 0.576022
1.574276e-02 9.723211e-03 9.723211e-03 1.000000 0.698013 0.115532
1.510385e-01 9.651602e-03 9.651602e-03 1.000000 0.062301 0.332817
5.885073e-01 9.636247e-03 9.636247e-03 1.000000 0.747265 0.744401
8.682848e-02 9.622328e-03 9.622328e-03 1.000000 0.916662 0.503817
4.988709e-01 9.594338e-03 9.594338e-03 1.000000 0.915265 0.066194
6.436105e-01 9.590895e-03 9.590895e-03 1.000000 0.877509 0.534053
2.272861e-01 9.576192e-03 9.576192e-03 1.000000 0.962714 0.550672
1.716845e-01 9.542044e-03 9.542044e-03 1.000000 0.348616 0.573874
1.436596e-01 9.537093e-03 9.537093e-03 1.000000 0.635664 0.097479
4.059615e-01 9.459075e-03 9.459075e-03 1.000000 0.592717 0.652250
4.803297e-01 9.414734e-03 9.414734e-03 1.000000 0.002241 0.410381
7.139175e-01 9.401504e-03 9.401504e-03 1.000000 0.554513 0.766977
5.261101e-01 9.383832e-03 9.383832e-03 1.000000 0.704740 0.689305
8.375426e-01 9.370786e-03 9.370786e-03 1.000000 0.873943 0.673095
3.561573e-01 9.290551e-03 9.290551e-03 1.000000 0.030715 0.570579
2.803297e-01 9.277118e-03 9.277118e-03 1.000000 0.821875 0.534653
1.406560e-01 9.262932e-03 9.262932e-03 1.000000 0.385718 0.850450
7.489046e-01 9.255948e-03 9.255948e-03 1.000000 0.613290 0.019039
3.681503e-01 9.224973e-03 9.224973e-03 1.000000 0.243562 0.183048
3.957559e-01 9.206272e-03 9.206272e-03 1.000000 0.495611 0.716594
5.214227e-01 9.189454e-03 9.189454e-03 1.000000 0.669536 0.968697
7.762335e-01 9.185226e-03 9.185226e-03 1.000000 0.208775 0.702338
4.651095e-01 9.175354e-03 9.175354e-03 1.000000 0.835597 0.773928
1.632057e-01 9.161496e-03 9.161496e-03 1.000000 0.819619 0.483685
4.082951e-01 9.143506e-03 9.143506e-03 1.000000 0.337225 0.559497
9.302705e-01 9.132098e-03 9.132098e-03 1.000000 0.995083 0.815703
8.265704e-01 9.127838e-03 9.127838e-03 1.000000 0.640936 0.932866
9.836656e-01 9.095228e-03 9.095228e-03 1.000000 0.322282 0.105364
7.659699e-01 9.080241e-03 9.080241e-03 1.000000 0.330539 0.643346
9.193287e-01 9.015937e-03 9.015937e-03 1.000000 0.910559 0.315680
2.861466e-01 9.000638e-03 9.000638e-03 1.000000 0.715422 0.211464
8.907532e-01 8.988277e-03 8.988277e-03 1.000000 0.369894 0.397715
2.095290e-01 8.987179e-03 8.987179e-03 1.000000 0.204307 0.082304
5.214648e-01 8.981494e-03 8.981494e-03 1.000000 0.076443 0.862955
8.294290e-01 8.965794e-03 8.965794e-03 1.000000 0.764836 0.356190
8.794567e-01 8.965458e-03 8.965458e-03 1.000000 0.333922 0.597511
6.243802e-01 8.964020e-03 8.964020e-03 1.000000 0.621919 0.408602
9.253988e-01 8.959644e-03 8.959644e-03 1.000000 0.379615 0.455886
9.965171e-01 8.932636e-03 8.932636e-03 1.000000 0.788965 0.931193
7.443886e-01 8.918928e-03 8.918928e-03 1.000000 0.031546 0.961523
5.740067e-01 8.909373e-03 8.909373e-03 1.000000 0.251381 0.722964
4.382239e-01 8.873058e-03 8.873058e-03 1.000000 0.278757 0.356568
2.980764e-01 8.838896e-03 8.838896e-03 1.000000 0.651172 0.798619
2.573238e-01 8.806070e-03 8.806070e-03 1.000000 0.208878 0.284307
2.367254e-02 8.780338e-03 8.780338e-03 1.000000 0.227388 0.168366
6.158542e-01 8.751718e-03 8.751718e-03 1.000000 0.023633 0.380344
8.830523e-01 8.717042e-03 8.717042e-03 1.000000 0.498605 0.291770
7.831759e-02 8.697659e-03 8.697659e-03 1.000000 0.325406 0.345370
5.600774e-01 8.693333e-03 8.693333e-03 1.000000 0.327724 0.265112
3.778727e-01 8.691701e-03 8.691701e-03 1.000000 0.685457 0.772145
1.331364e-01 8.689868e-03 8.689868e-03 1.000000 0.013990 0.808848
3.600370e-01 8.689626e-03 8.689626e-03 1.000000 0.502005 0.041803
5.231000e-01 8.648073e-03 8.648073e-03 1.000000 0.855879 0.922425
8.874868e-01 8.645522e-03 8.645522e-03 1.000000 0.647798 0.078228
5.727520e-01 8.631546e-03 8.631546e-03 1.000000 0.506391 0.397294
2.846417e-01 8.612367e-03 8.612367e-03 1.000000 0.019090 0.050962
8.233865e-01 8.567284e-03 8.567284e-03 1.000000 0.079178 0.211261
6.007510e-01 8.525869e-03 8.525869e-03 1.000000 0.993871 0.689627
9.279056e-01 8.477914e-03 8.477914e-03 1.000000 0.410367 0.310933
5.050085e-01 8.424270e-03 8.424270e-03 1.000000 0.276433 0.604459
1.010745e-01 8.415402e-03 8.415402e-03 1.000000 0.267782 0.393332
5.978429e-01 8.380959e-03 8.380959e-03 1.000000 0.240241 0.192636
8.104954e-01 8.377171e-03 8.377171e-03 1.000000 0.381834 0.313924
1.089000e-01 8.366065e-03 8.366065e-03 1.000000 0.726043 0.711441
2.395039e-01 8.329863e-03 8.329863e-03 1.000000 0.742482 0.021320
1.149474e-01 8.311416e-03 8.311416e-03 1.000000 0.557901 0.599594
3.884045e-01 8.272515e-03 8.272515e-03 1.000000 0.174225 0.672345
5.113345e-02 8.269996e-03 8.269996e-03 1.000000 0.675276 0.662062
9.822916e-01 8.263193e-03 8.263193e-03 1.000000 0.473888 0.226224
5.964408e-01 8.224072e-03 8.224072e-03 1.000000 0.044768 0.735040
3.350342e-02 8.213164e-03 8.213164e-03 1.000000 0.591421 0.128423
1.072363e-02 8.203380e-03 8.203380e-03 1.000000 0.764770 0.127538
9.449828e-01 8.182825e-03 8.182825e-03 1.000000 0.952629 0.584816
7.259079e-01 8.164738e-03 8.164738e-03 1.000000 0.951775 0.089092
9.189082e-01 8.137515e-03 8.137515e-03 1.000000 0.763759 0.356019
3.402066e-02 8.124861e-03 8.124861e-03 1.000000 0.910332 0.224439
4.960118e-02 8.101788e-03 8.101788e-03 1.000000 0.655226 0.485062
5.350446e-01 8.080519e-03 8.080519e-03 1.000000 0.990086 0.767108
3.041101e-01 8.079181e-03 8.079181e-03 1.000000 0.555758 0.693592
6.642239e-01 8.067011e-03 8.067011e-03 1.000000 0.037400 0.990594
1.993781e-02 8.065566e-03 8.065566e-03 1.000000 0.426239 0.774206
3.827793e-02 8.028099e-03 8.028099e-03 1.000000 0.548342 0.725785
8.777518e-01 7.957012e-03 7.957012e-03 1.000000 0.270013 0.041556
7.499348e-02 7.928457e-03 7.928457e-03 1.000000 0.941541 0.769245
8.931601e-01 7.915260e-03 7.915260e-03 1.000000 0.876292 0.213816
2.451283e-01 7.914724e-03 7.914724e-03 1.000000 0.454427 0.979427
1.038232e-01 7.914316e-03 7.914316e-03 1.000000 0.241450 0.723544
6.432810e-01 7.903946e-03 7.903946e-03 1.000000 0.878537 0.410936
9.264540e-01 7.881787e-03 7.881787e-03 1.000000 0.480476 0.321649
6.204670e-01 7.855576e-03 7.855576e-03 1.000000 0.326397 0.204492
2.177864e-03 7.841154e-03 7.841154e-03 1.000000 0.036380 0.843179
9.918774e-01 7.840253e-03 7.840253e-03 1.000000 0.181726 0.318641
5.498954e-01 7.798619e-03 7.798619e-03 1.000000 0.207465 0.062283
4.163369e-01 7.796512e-03 7.796512e-03 1.000000 0.950157 0.473733
4.099252e-01 7.795728e-03 7.795728e-03 1.000000 0.707808 0.106059
3.239522e-01 7.792526e-03 7.792526e-03 1.000000 0.505820 0.272705
7.794988e-01 7.769543e-03 7.769543e-03 1.000000 0.127409 0.660986
4.624023e-01 7.753321e-03 7.753321e-03 1.000000 0.937230 0.052973
3.737110e-02 7.739291e-03 7.739291e-03 1.000000 0.314194 0.330764
7.630343e-01 7.723485e-03 7.723485e-03 1.000000 0.841125 0.819093
2.027253e-01 7.685994e-03 7.685994e-03 1.000000 0.459421 0.806401
6.497972e-01 7.660333e-03 7.660333e-03 1.000000 0.333496 0.966035
8.255424e-01 7.650043e-03 7.650043e-03 1.000000 0.340246 0.070820
5.882840e-01 7.633477e-03 7.633477e-03 1.000000 0.245221 0.101919
6.854051e-01 7.591406e-03 7.591406e-03 1.000000 0.127238 0.787202
2.879134e-01 7.567473e-03 7.567473e-03 1.000000 0.414712 0.559374
8.968812e-01 7.563508e-03 7.563508e-03 1.000000 0.602448 0.642835
8.638931e-01 7.550463e-03 7.550463e-03 1.000000 0.263393 0.560109
8.888670e-02 7.539887e-03 7.539887e-03 1.000000 0.536990 0.743167
1.603577e-01 7.539087e-03 7.539087e-03 1.000000 0.660074 0.198173
1.164507e-01 7.531533e-03 7.531533e-03 1.000000 0.966033 0.914309
1.777298e-01 7.521742e-03 7.521742e-03 1.000000 0.711611 0.006545
6.145218e-01 7.480192e-03 7.480192e-03 1.000000 0.670257 0.438366
5.928712e-01 7.477261e-03 7.477261e-03 1.000000 0.662332 0.148907
2.694083e-01 7.456306e-03 7.456306e-03 1.000000 0.802813 0.445782
7.422198e-01 7.438825e-03 7.438825e-03 1.000000 0.761615 0.782460
6.381155e-01 7.434412e-03 7.434412e-03 1.000000 0.925937 0.377974
3.750477e-01 7.418461e-03 7.418461e-03 1.000000 0.337944 0.867822
2.659186e-01 7.410018e-03 7.410018e-03 1.000000 0.880075 0.322075
7.970298e-01 7.409112e-03 7.409112e-03 1.000000 0.728793 0.861813
3.440523e-01 7.386464e-03 7.386464e-03 1.000000 0.983072 0.259429
9.102552e-01 7.385113e-03 7.385113e-03 1.000000 0.262818 0.034941
8.432880e-01 7.383195e-03 7.383195e-03 1.000000 0.528079 0.389047
9.640643e-01 7.378533e-03 7.378533e-03 1.000000 0.027466 0.851925
8.737799e-02 7.356921e-03 7.356921e-03 1.000000 0.938608 0.501168
9.483658e-01 7.348260e-03 7.348260e-03 1.000000 0.129681 0.938676
4.461004e-01 7.336951e-03 7.336951e-03 1.000000 0.238572 0.786061
3.545287e-01 7.329404e-03 7.329404e-03 1.000000 0.485435 0.074436
7.468858e-01 7.315045e-03 7.315045e-03 1.000000 0.584668 0.832387
1.860490e-01 7.295177e-03 7.295177e-03 1.000000 0.422579 0.315047
8.891196e-01 7.290585e-03 7.290585e-03 1.000000 0.009381 0.449630
7.360171e-01 7.289510e-03 7.289510e-03 1.000000 0.128447 0.346046
7.729277e-01 7.261501e-03 7.261501e-03 1.000000 0.955574 0.627085
8.450951e-01 7.231249e-03 7.231249e-03 1.000000 0.369882 0.602287
9.387299e-01 7.226339e-03 7.226339e-03 1.000000 0.055214 0.412509
6.896678e-01 7.204235e-03 7.204235e-03 1.000000 0.215633 0.898992
3.017081e-01 7.201402e-03 7.201402e-03 1.000000 0.371654 0.189252
5.828484e-01 7.199197e-03 7.199197e-03 1.000000 0.636396 0.929419
1.215018e-01 7.193235e-03 7.193235e-03 1.000000 0.019957 0.070863
2.599647e-01 7.191031e-03 7.191031e-03 1.000000 0.006650 0.875542
5.576142e-01 7.189599e-03 7.189599e-03 1.000000 0.811556 0.669684
3.471816e-01 7.171356e-03 7.171356e-03 1.000000 0.475401 0.496117
1.914903e-02 7.163651e-03 7.163651e-03 1.000000 0.920822 0.211070
1.146032e-02 7.144098e-03 7.144098e-03 1.000000 0.291038 0.853103
4.769486e-01 7.138272e-03 7.138272e-03 1.000000 0.652455 0.082284
6.782263e-01 7.137545e-03 7.137545e-03 1.000000 0.296522 0.666353
3.675329e-01 7.132194e-03 7.132194e-03 1.000000 0.258503 0.636613
6.846690e-01 7.116267e-03 7.116267e-03 1.000000 0.570956 0.910481
4.198899e-01 7.102670e-03 7.102670e-03 1.000000 0.833802 0.080376
9.802308e-01 7.095779e-03 7.095779e-03 1.000000 0.512521 0.680064
5.935961e-01 7.091898e-03 7.091898e-03 1.000000 0.471962 0.558712
4.344414e-01 7.064578e-03 7.064578e-03 1.000000 0.090458 0.126944
7.383421e-01 7.042168e-03 7.042168e-03 1.000000 0.888078 0.938787
3.580380e-01 7.033191e-03 7.033191e-03 1.000000 0.674995 0.886301
9.658176e-01 7.027785e-03 7.027785e-03 1.000000 0.165696 0.114071
9.800343e-01 7.014062e-03 7.014062e-03 1.000000 0.022531 0.928274
9.605767e-01 6.976844e-03 6.976844e-03 1.000000 0.108413 0.994303
5.435904e-01 6.975845e-03 6.975845e-03 1.000000 0.252735 0.555431
2.910064e-01 6.969599e-03 6.969599e-03 1.000000 0.082855 0.116536
2.512365e-01 6.964441e-03 6.964441e-03 1.000000 0.490418 0.750509
1.339748e-01 6.962485e-03 6.962485e-03 1.000000 0.700635 0.740801
8.945399e-01 6.946573e-03 6.946573e-03 1.000000 0.807388 0.469635
2.936432e-02 6.944846e-03 6.944846e-03 1.000000 0.395928 0.991210
6.274387e-01 6.938347e-03 6.938347e-03 1.000000 0.436894 0.866172
3.275274e-01 6.899122e-03 6.899122e-03 1.000000 0.301406 0.736478
1.405429e-01 6.894471e-03 6.894471e-03 1.000000 0.885641 0.807740
6.913000e-01 6.888985e-03 6.888985e-03 1.000000 0.625023 0.727123
5.783305e-01 6.865003e-03 6.865003e-03 1.000000 0.621876 0.809460
2.127477e-01 6.858487e-03 6.858487e-03 1.000000 0.377310 0.430285
5.245967e-01 6.853275e-03 6.853275e-03 1.000000 0.706783 0.238641
6.461156e-02 6.819877e-03 6.819877e-03 1.000000 0.852628 0.172676
7.135614e-01 6.803730e-03 6.803730e-03 1.000000 0.044560 0.280093
6.251571e-01 6.793265e-03 6.793265e-03 1.000000 0.938688 0.885435
5.849780e-01 6.786931e-03 6.786931e-03 1.000000 0.837006 0.116287
9.229814e-01 6.782886e-03 6.782886e-03 1.000000 0.840493 0.670739
3.597369e-02 6.782529e-03 6.782529e-03 1.000000 0.180726 0.098367
6.687254e-01 6.762730e-03 6.762730e-03 1.000000 0.816552 0.951414
6.932568e-01 6.751885e-03 6.751885e-03 1.000000 0.381004 0.175352
8.313277e-01 6.746776e-03 6.746776e-03 1.000000 0.782499 0.203000
6.111301e-01 6.743110e-03 6.743110e-03 1.000000 0.727108 0.018103
4.215195e-01 6.739104e-03 6.739104e-03 1.000000 0.997183 0.587820
4.819668e-01 6.734897e-03 6.734897e-03 1.000000 0.514921 0.932989
9.786316e-01 6.715112e-03 6.715112e-03 1.000000 0.297137 0.104990
9.885149e-01 6.708326e-03 6.708326e-03 1.000000 0.244022 0.541965
1.221817e-01 6.689779e-03 6.689779e-03 1.000000 0.769237 0.982173
5.587455e-01 6.672762e-03 6.672762e-03 1.000000 0.792214 0.392560
3.800946e-01 6.643950e-03 6.643950e-03 1.000000 0.305535 0.988124
2.617219e-01 6.635866e-03 6.635866e-03 1.000000 0.022781 0.922084
3.761088e-01 6.630056e-03 6.630056e-03 1.000000 0.258614 0.755032
8.232616e-01 6.624831e-03 6.624831e-03 1.000000 0.087189 0.210655
7.938268e-01 6.622908e-03 6.622908e-03 1.000000 0.538703 0.334663
8.515610e-01 6.608036e-03 6.608036e-03 1.000000 0.427636 0.558836
1.824089e-01 6.605855e-03 6.605855e-03 1.000000 0.052799 0.562569
1.186262e-01 6.589780e-03 6.589780e-03 1.000000 0.893028 0.669650
5.992751e-03 6.584939e-03 6.584939e-03 1.000000 0.606320 0.230423
7.864495e-01 6.583002e-03 6.583002e-03 1.000000 0.477490 0.732391
2.767214e-01 6.560512e-03 6.560512e-03 1.000000 0.552845 0.388120
6.020716e-01 6.552907e-03 6.552907e-03 1.000000 0.077540 0.797053
8.592195e-01 6.542899e-03 6.542899e-03 1.000000 0.686712 0.196109
2.395676e-01 6.538636e-03 6.538636e-03 1.000000 0.018098 0.531381
9.673978e-01 6.523608e-03 6.523608e-03 1.000000 0.120669 0.602384
4.574276e-01 6.518354e-03 6.518354e-03 1.000000 0.003679 0.417020
2.451951e-01 6.514868e-03 6.514868e-03 1.000000 0.163690 0.990138
8.086977e-01 6.487457e-03 6.487457e-03 1.000000 0.063122 0.116615
7.723044e-02 6.486520e-03 6.486520e-03 1.000000 0.421251 0.934884
9.054488e-01 6.476044e-03 6.476044e-03 1.000000 0.965209 0.160979
5.092774e-01 6.461692e-03 6.461692e-03 1.000000 0.275540 0.801275
1.843573e-01 6.453519e-03 6.453519e-03 1.000000 0.413006 0.264974
9.195448e-01 6.448177e-03 6.448177e-03 1.000000 0.681459 0.252377
1.041339e-02 6.444680e-03 6.444680e-03 1.000000 0.546091 0.356090
8.369557e-01 6.444627e-03 6.444627e-03 1.000000 0.646779 0.444507
8.596934e-01 6.425093e-03 6.425093e-03 1.000000 0.531496 0.297050
6.093595e-01 6.422593e-03 6.422593e-03 1.000000 0.072572 0.826239
5.828676e-01 6.378782e-03 6.378782e-03 1.000000 0.015971 0.678281
8.754201e-02 6.376871e-03 6.376871e-03 1.000000 0.049589 0.828436
3.575278e-01 6.366090e-03 6.366090e-03 1.000000 0.797250 0.028313
3.393958e-01 6.360848e-03 6.360848e-03 1.000000 0.036970 0.547193
2.018331e-01 6.359240e-03 6.359240e-03 1.000000 0.988099 0.265126
6.195525e-01 6.353406e-03 6.353406e-03 1.000000 0.269361 0.327066
7.487598e-01 6.345322e-03 6.345322e-03 1.000000 0.017071 0.912486
5.988185e-01 6.338140e-03 6.338140e-03 1.000000 0.722590 0.684790
4.850478e-01 6.321231e-03 6.321231e-03 1.000000 0.162114 0.438658
9.108972e-01 6.284806e-03 6.284806e-03 1.000000 0.810655 0.768425
4.682676e-02 6.259209e-03 6.259209e-03 1.000000 0.439148 0.778169
4.094984e-01 6.257964e-03 6.257964e-03 1.000000 0.061544 0.660308
7.876930e-01 6.257623e-03 6.257623e-03 1.000000 0.307875 0.641597
1.912927e-01 6.244146e-03 6.244146e-03 1.000000 0.504047 0.661269
3.511447e-01 6.222408e-03 6.222408e-03 1.000000 0.412458 0.251915
6.805106e-01 6.219849e-03 6.219849e-03 1.000000 0.717369 0.532758
3.405052e-01 6.217769e-03 6.217769e-03 1.000000 0.944664 0.103492
9.274493e-01 6.198130e-03 6.198130e-03 1.000000 0.905880 0.437523
3.130970e-01 6.197243e-03 6.197243e-03 1.000000 0.092470 0.715722
6.578312e-01 6.192605e-03 6.192605e-03 1.000000 0.821277 0.371842
2.158253e-01 6.184623e-03 6.184623e-03 1.000000 0.557885 0.703175
9.521986e-01 6.184527e-03 6.184527e-03 1.000000 0.887089 0.190441
4.912533e-01 6.177997e-03 6.177997e-03 1.000000 0.752641 0.725432
5.774998e-01 6.167392e-03 6.167392e-03 1.000000 0.256852 0.434787
3.435904e-01 6.162829e-03 6.162829e-03 1.000000 0.367130 0.935421
1.629783e-01 6.159007e-03 6.159007e-03 1.000000 0.690352 0.616459
7.464405e-01 6.157425e-03 6.157425e-03 1.000000 0.470289 0.872499
3.069074e-01 6.146208e-03 6.146208e-03 1.000000 0.172539 0.741934
9.166933e-01 6.135376e-03 6.135376e-03 1.000000 0.420033 0.481951
1.830964e-01 6.133422e-03 6.133422e-03 1.000000 0.245226 0.250757
9.333370e-02 6.128417e-03 6.128417e-03 1.000000 0.172689 0.192294
6.938285e-01 6.127674e-03 6.127674e-03 1.000000 0.580637 0.819729
2.432184e-01 6.126728e-03 6.126728e-03 1.000000 0.372211 0.927944
4.211976e-02 6.125169e-03 6.125169e-03 1.000000 0.780701 0.077471
6.783777e-01 6.092702e-03 6.092702e-03 1.000000 0.892217 0.643632
1.834187e-01 6.088338e-03 6.088338e-03 1.000000 0.754866 0.444599
3.639971e-02 6.087591e-03 6.087591e-03 1.000000 0.051789 0.177373
7.252617e-01 6.084861e-03 6.084861e-03 1.000000 0.791803 0.479964
7.807770e-01 6.078782e-03 6.078782e-03 1.000000 0.951068 0.389292
8.111610e-01 6.076203e-03 6.076203e-03 1.000000 0.380175 0.988810
9.048149e-02 6.073033e-03 6.073033e-03 1.000000 0.830082 0.628061
3.288781e-01 6.055264e-03 6.055264e-03 1.000000 0.641863 0.447972
3.915181e-01 6.049824e-03 6.049824e-03 1.000000 0.190616 0.540708
7.578024e-01 6.043629e-03 6.043629e-03 1.000000 0.949008 0.063213
6.931127e-01 6.039271e-03 6.039271e-03 1.000000 0.667247 0.440631
3.484544e-01 6.039198e-03 6.039198e-03 1.000000 0.739360 0.846684
1.849701e-01 6.017665e-03 6.017665e-03 1.000000 0.338049 0.949540
9.545912e-01 6.010646e-03 6.010646e-03 1.000000 0.923702 0.577858
9.154932e-01 6.009179e-03 6.009179e-03 1.000000 0.913246 0.220662
6.609591e-01 6.001886e-03 6.001886e-03 1.000000 0.803275 0.333075
6.464477e-01 5.999501e-03 5.999501e-03 1.000000 0.849790 0.844075
3.028670e-01 5.998189e-03 5.998189e-03 1.000000 0.292708 0.467823
4.198025e-01 5.991820e-03 5.991820e-03 1.000000 0.437928 0.889979
5.522194e-01 5.989384e-03 5.989384e-03 1.000000 0.764394 0.866554
2.214092e-02 5.982505e-03 5.982505e-03 1.000000 0.047077 0.686408
2.045092e-01 5.977536e-03 5.977536e-03 1.000000 0.324488 0.218434
7.564768e-01 5.968583e-03 5.968583e-03 1.000000 0.227525 0.116479
2.713537e-01 5.951283e-03 5.951283e-03 1.000000 0.162688 0.111254
1.219914e-01 5.935028e-03 5.935028e-03 1.000000 0.143865 0.906960
8.473128e-01 5.927502e-03 5.927502e-03 1.000000 0.394980 0.494350
8.271649e-01 5.919175e-03 5.919175e-03 1.000000 0.862736 0.731739
9.922921e-01 5.903593e-03 5.903593e-03 1.000000 0.408982 0.187856
1.030236e-01 5.899940e-03 5.899940e-03 1.000000 0.772345 0.245361
1.855582e-01 5.894777e-03 5.894777e-03 1.000000 0.535553 0.768812
9.093354e-01 5.894514e-03 5.894514e-03 1.000000 0.188870 0.342042
2.804445e-01 5.892417e-03 5.892417e-03 1.000000 0.232948 0.482972
5.421162e-01 5.881677e-03 5.881677e-03 1.000000 0.763396 0.098383
6.032712e-02 5.859353e-03 5.859353e-03 1.000000 0.155343 0.075464
2.206639e-01 5.856689e-03 5.856689e-03 1.000000 0.273769 0.716984
2.434062e-02 5.840834e-03 5.840834e-03 1.000000 0.138708 0.471421
2.645956e-01 5.838489e-03 5.838489e-03 1.000000 0.440546 0.428522
5.452672e-01 5.838021e-03 5.838021e-03 1.000000 0.875417 0.383389
6.474281e-01 5.832075e-03 5.832075e-03 1.000000 0.830444 0.188948
5.754062e-01 5.805325e-03 5.805325e-03 1.000000 0.839411 0.157981
4.228427e-01 5.798088e-03 5.798088e-03 1.000000 0.283048 0.563320
6.428266e-01 5.794834e-03 5.794834e-03 1.000000 0.922299 0.580484
9.739709e-01 5.789125e-03 5.789125e-03 1.000000 0.581052 0.613959
3.876170e-01 5.775886e-03 5.775886e-03 1.000000 0.678766 0.202925
6.551524e-01 5.766183e-03 5.766183e-03 1.000000 0.866741 0.834259
8.928427e-01 5.761690e-03 5.761690e-03 1.000000 0.694349 0.597076
9.228069e-01 5.758166e-03 5.758166e-03 1.000000 0.981421 0.922233
9.497872e-02 5.750363e-03 5.750363e-03 1.000000 0.854622 0.215394
7.186152e-01 5.741343e-03 5.741343e-03 1.000000 0.724340 0.595452
7.437987e-01 5.731258e-03 5.731258e-03 1.000000 0.266912 0.827266
2.577352e-01 5.718670e-03 5.718670e-03 1.000000 0.729625 0.262474
8.285504e-01 5.716689e-03 5.716689e-03 1.000000 0.351565 0.685497
9.561712e-01 5.715964e-03 5.715964e-03 1.000000 0.172091 0.750541
4.446913e-01 5.712735e-03 5.712735e-03 1.000000 0.082747 0.915033
8.487332e-01 5.703183e-03 5.703183e-03 1.000000 0.253386 0.923562
1.107653e-01 5.701640e-03 5.701640e-03 1.000000 0.446672 0.594527
9.361230e-01 5.683415e-03 5.683415e-03 1.000000 0.990563 0.191700
6.643952e-01 5.681148e-03 5.681148e-03 1.000000 0.067486 0.549322
9.338894e-01 5.674181e-03 5.674181e-03 1.000000 0.807996 0.668821
5.074623e-01 5.669223e-03 5.669223e-03 1.000000 0.915056 0.521652
4.019731e-01 5.653736e-03 5.653736e-03 1.000000 0.456681 0.246171
8.729393e-01 5.631851e-03 5.631851e-03 1.000000 0.407428 0.144144
7.936464e-01 5.623360e-03 5.623360e-03 1.000000 0.928993 0.370723
1.104449e-01 5.615425e-03 5.615425e-03 1.000000 0.021526 0.056482
9.166994e-01 5.602825e-03 5.602825e-03 1.000000 0.592706 0.426996
8.497061e-01 5.596382e-03 5.596382e-03 1.000000 0.967810 0.616716
9.927439e-01 5.584793e-03 5.584793e-03 1.000000 0.029721 0.769763
2.611327e-01 5.578005e-03 5.578005e-03 1.000000 0.283526 0.604807
4.453053e-01 5.572576e-03 5.572576e-03 1.000000 0.507378 0.135965
6.299629e-01 5.568289e-03 5.568289e-03 1.000000 0.307025 0.196489
1.648147e-01 5.567925e-03 5.567925e-03 1.000000 0.657982 0.096284
7.872077e-01 5.562792e-03 5.562792e-03 1.000000 0.725249 0.140493
5.936948e-01 5.557730e-03 5.557730e-03 1.000000 0.212079 0.519375
5.402854e-01 5.552085e-03 5.552085e-03 1.000000 0.117033 0.014514
4.356025e-01 5.551973e-03 5.551973e-03 1.000000 0.276942 0.375623
3.046684e-01 5.549751e-03 5.549751e-03 1.000000 0.001109 0.996125
6.849330e-01 5.546193e-03 5.546193e-03 1.000000 0.451757 0.063457
7.446947e-01 5.518491e-03 5.518491e-03 1.000000 0.056159 0.503900
6.817805e-02 5.508926e-03 5.508926e-03 1.000000 0.136338 0.090060
1.712395e-01 5.504437e-03 5.504437e-03 1.000000 0.189049 0.169156
4.978108e-01 5.496724e-03 5.496724e-03 1.000000 0.339248 0.994750
1.160859e-01 5.494638e-03 5.494638e-03 1.000000 0.080734 0.284855
3.398376e-01 5.488739e-03 5.488739e-03 1.000000 0.878405 0.386158
5.083865e-01 5.486370e-03 5.486370e-03 1.000000 0.011366 0.831877
1.903634e-01 5.472992e-03 5.472992e-03 1.000000 0.017398 0.717640
4.079946e-01 5.472382e-03 5.472382e-03 1.000000 0.081955 0.214462
7.656335e-02 5.453732e-03 5.453732e-03 1.000000 0.518464 0.652771
5.433555e-01 5.445080e-03 5.445080e-03 1.000000 0.596651 0.027249
3.160892e-01 5.441186e-03 5.441186e-03 1.000000 0.080776 0.422607
4.336239e-01 5.427869e-03 5.427869e-03 1.000000 0.072678 0.837954
1.367348e-01 5.412064e-03 5.412064e-03 1.000000 0.574809 0.886165
9.196876e-01 5.408304e-03 5.408304e-03 1.000000 0.264140 0.224528
2.232695e-01 5.407702e-03 5.407702e-03 1.000000 0.246682 0.664137
2.326927e-01 5.401940e-03 5.401940e-03 1.000000 0.626826 0.075623
4.119660e-01 5.399197e-03 5.399197e-03 1.000000 0.638980 0.396939
7.572929e-01 5.392427e-03 5.392427e-03 1.000000 0.171046 0.821888
5.620186e-01 5.390138e-03 5.390138e-03 1.000000 0.526285 0.974339
9.405372e-01 5.387074e-03 5.387074e-03 1.000000 0.925628 0.700540
7.260958e-01 5.375798e-03 5.375798e-03 1.000000 0.485566 0.472545
3.896030e-01 5.372650e-03 5.372650e-03 1.000000 0.541955 0.002399
9.538220e-01 5.369589e-03 5.369589e-03 1.000000 0.045693 0.606710
7.151779e-01 5.361206e-03 5.361206e-03 1.000000 0.738805 0.328895
4.267513e-01 5.359968e-03 5.359968e-03 1.000000 0.474762 0.185220
4.483456e-01 5.350214e-03 5.350214e-03 1.000000 0.023255 0.455722
6.894023e-02 5.348379e-03 5.348379e-03 1.000000 0.242137 0.023289
4.654494e-02 5.337322e-03 5.337322e-03 1.000000 0.589991 0.100208
2.639947e-01 5.336798e-03 5.336798e-03 1.000000 0.939963 0.658022
9.690666e-01 5.336506e-03 5.336506e-03 1.000000 0.748273 0.171533
9.425093e-01 5.331717e-03 5.331717e-03 1.000000 0.867020 0.816508
4.622318e-02 5.318325e-03 5.318325e-03 1.000000 0.371922 0.180958
2.145264e-01 5.305958e-03 5.305958e-03 1.000000 0.666496 0.891839
7.166061e-01 5.282371e-03 5.282371e-03 1.000000 0.185166 0.833113
6.384245e-01 5.274148e-03 5.274148e-03 1.000000 0.891373 0.488701
4.488629e-01 5.270430e-03 5.270430e-03 1.000000 0.305815 0.015504
1.849273e-01 5.254709e-03 5.254709e-03 1.000000 0.454943 0.736368
2.579185e-01 5.244264e-03 5.244264e-03 1.000000 0.722023 0.079862
4.125883e-01 5.211142e-03 5.211142e-03 1.000000 0.621742 0.190935
3.866998e-01 5.203790e-03 5.203790e-03 1.000000 0.651247 0.205422
2.720539e-01 5.199021e-03 5.199021e-03 1.000000 0.541550 0.612737
7.943782e-01 5.194201e-03 5.194201e-03 1.000000 0.775433 0.869482
7.957301e-01 5.192430e-03 5.192430e-03 1.000000 0.931865 0.558500
9.924218e-01 5.189278e-03 5.189278e-03 1.000000 0.911347 0.359065
4.438752e-01 5.184226e-03 5.184226e-03 1.000000 0.631862 0.851086
7.980838e-01 5.162029e-03 5.162029e-03 1.000000 0.216873 0.586612
6.664996e-01 5.161374e-03 5.161374e-03 1.000000 0.017597 0.708574
5.055993e-02 5.156024e-03 5.156024e-03 1.000000 0.833110 0.995803
8.850678e-01 5.155425e-03 5.155425e-03 1.000000 0.293894 0.501451
8.126505e-01 5.152712e-03 5.152712e-03 1.000000 0.055860 0.530603
7.469350e-02 5.152484e-03 5.152484e-03 1.000000 0.630816 0.336256
8.034474e-01 5.150468e-03 5.150468e-03 1.000000 0.818500 0.350168
9.864537e-02 5.149472e-03 5.149472e-03 1.000000 0.028543 0.651116
5.372909e-01 5.140246e-03 5.140246e-03 1.000000 0.785499 0.084070
9.102131e-02 5.129303e-03 5.129303e-03 1.000000 0.602543 0.223646
7.018698e-01 5.127094e-03 5.127094e-03 1.000000 0.193800 0.181504
3.050153e-01 5.122635e-03 5.122635e-03 1.000000 0.427055 0.576088
9.552312e-01 5.116968e-03 5.116968e-03 1.000000 0.259009 0.827896
2.716240e-01 5.116577e-03 5.116577e-03 1.000000 0.739797 0.878263
7.925063e-02 5.094935e-03 5.094935e-03 1.000000 0.636333 0.658812
5.459953e-01 5.090686e-03 5.090686e-03 1.000000 0.447435 0.542243
9.072120e-01 5.088484e-03 5.088484e-03 1.000000 0.041586 0.428119
5.846571e-01 5.087082e-03 5.087082e-03 1.000000 0.616505 0.491019
1.621720e-01 5.084472e-03 5.084472e-03 1.000000 0.825880 0.804004
9.667213e-01 5.076567e-03 5.076567e-03 1.000000 0.184436 0.011987
8.776586e-01 5.068247e-03 5.068247e-03 1.000000 0.073497 0.785118
8.887772e-01 5.065378e-03 5.065378e-03 1.000000 0.881116 0.290209
9.691250e-01 5.053380e-03 5.053380e-03 1.000000 0.205204 0.059235
5.478709e-01 5.045104e-03 5.045104e-03 1.000000 0.160026 0.231895
6.885672e-01 5.014597e-03 5.014597e-03 1.000000 0.204551 0.053502
2.101634e-01 5.013677e-03 5.013677e-03 1.000000 0.531685 0.935250
5.098896e-01 5.011787e-03 5.011787e-03 1.000000 0.666941 0.867179
7.971191e-01 5.009705e-03 5.009705e-03 1.000000 0.860858 0.535871
6.033582e-01 4.997613e-03 4.997613e-03 1.000000 0.150373 0.045494
6.648905e-01 4.982583e-03 4.982583e-03 1.000000 0.532141 0.678224
2.534813e-01 4.973692e-03 4.973692e-03 1.000000 0.990731 0.178218
9.782110e-01 4.961012e-03 4.961012e-03 1.000000 0.242961 0.210687
8.157394e-01 4.950892e-03 4.950892e-03 1.000000 0.372503 0.498021
3.238141e-01 4.949591e-03 4.949591e-03 1.000000 0.637205 0.245703
1.037819e-01 4.948775e-03 4.948775e-03 1.000000 0.758196 0.721337
4.376112e-01 4.937817e-03 4.937817e-03 1.000000 0.936525 0.875559
3.860840e-01 4.931013e-03 4.931013e-03 1.000000 0.066063 0.680248
4.498368e-01 4.923449e-03 4.923449e-03 1.000000 0.579544 0.047985
1.206377e-01 4.921226e-03 4.921226e-03 1.000000 0.296945 0.484653
2.724576e-01 4.921078e-03 4.921078e-03 1.000000 0.726998 0.464332
8.166762e-01 4.904996e-03 4.904996e-03 1.000000 0.944870 0.586282
5.062046e-01 4.896881e-03 4.896881e-03 1.000000 0.543738 0.789775
8.082060e-01 4.880801e-03 4.880801e-03 1.000000 0.639950 0.400712
7.977648e-01 4.876372e-03 4.876372e-03 1.000000 0.178216 0.738301
4.447882e-01 4.869523e-03 4.869523e-03 1.000000 0.929237 0.639849
4.238902e-02 4.860493e-03 4.860493e-03 1.000000 0.583151 0.237758
3.630229e-01 4.854363e-03 4.854363e-03 1.000000 0.312856 0.158890
1.017407e-01 4.848870e-03 4.848870e-03 1.000000 0.530389 0.146917
7.163059e-01 4.848701e-03 4.848701e-03 1.000000 0.016804 0.564583
6.000872e-01 4.846272e-03 4.846272e-03 1.000000 0.932729 0.243392
2.123055e-01 4.821565e-03 4.821565e-03 1.000000 0.613547 0.777260
8.500365e-01 4.807721e-03 4.807721e-03 1.000000 0.920604 0.593863
8.090968e-01 4.803536e-03 4.803536e-03 1.000000 0.664443 0.156939
1.488083e-01 4.782573e-03 4.782573e-03 1.000000 0.720752 0.955915
4.117853e-01 4.778362e-03 4.778362e-03 1.000000 0.142584 0.486641
2.094876e-01 4.776756e-03 4.776756e-03 1.000000 0.275347 0.370786
6.888704e-01 4.775421e-03 4.775421e-03 1.000000 0.985134 0.150393
9.600630e-01 4.771216e-03 4.771216e-03 1.000000 0.406430 0.316251
9.791229e-01 4.771196e-03 4.771196e-03 1.000000 0.003146 0.856488
6.187606e-01 4.770406e-03 4.770406e-03 1.000000 0.677506 0.705652
8.760143e-01 4.768832e-03 4.768832e-03 1.000000 0.437778 0.900742
6.970085e-01 4.765461e-03 4.765461e-03 1.000000 0.181807 0.388398
5.141372e-02 4.763271e-03 4.763271e-03 1.000000 0.434466 0.347656
1.791091e-01 4.759933e-03 4.759933e-03 1.000000 0.869970 0.499270
7.958179e-01 4.755091e-03 4.755091e-03 1.000000 0.841938 0.828974
8.031073e-01 4.754495e-03 4.754495e-03 1.000000 0.428503 0.869565
4.752715e-01 4.754376e-03 4.754376e-03 1.000000 0.808982 0.409212
5.065842e-01 4.745082e-03 4.745082e-03 1.000000 0.049821 0.169566
3.949726e-01 4.740227e-03 4.740227e-03 1.000000 0.626228 0.812534
9.281878e-01 4.716782e-03 4.716782e-03 1.000000 0.912519 0.525377
4.476241e-01 4.705896e-03 4.705896e-03 1.000000 0.922569 0.136313
6.554234e-02 4.697664e-03 4.697664e-03 1.000000 0.876242 0.603428
7.572197e-01 4.692935e-03 4.692935e-03 1.000000 0.383187 0.226880
6.742014e-01 4.690914e-03 4.690914e-03 1.000000 0.586756 0.897821
7.791221e-01 4.686322e-03 4.686322e-03 1.000000 0.958898 0.666084
6.346444e-01 4.678747e-03 4.678747e-03 1.000000 0.672900 0.865931
2.990461e-01 4.654614e-03 4.654614e-03 1.000000 0.225791 0.803850
2.055487e-01 4.651499e-03 4.651499e-03 1.000000 0.383587 0.682677
4.765915e-01 4.633056e-03 4.633056e-03 1.000000 0.373436 0.930831
3.910674e-01 4.621032e-03 4.621032e-03 1.000000 0.690844 0.542867
3.085945e-01 4.583872e-03 4.583872e-03 1.000000 0.512779 0.869307
4.225169e-02 4.568944e-03 4.568944e-03 1.000000 0.646874 0.085108
9.938756e-01 4.567432e-03 4.567432e-03 1.000000 0.695738 0.446529
3.543035e-01 4.555761e-03 4.555761e-03 1.000000 0.106177 0.390376
2.719402e-02 4.551822e-03 4.551822e-03 1.000000 0.173782 0.843771
5.053422e-01 4.551224e-03 4.551224e-03 1.000000 0.465607 0.357364
3.875757e-01 4.549503e-03 4.549503e-03 1.000000 0.654896 0.334582
2.970452e-01 4.528009e-03 4.528009e-03 1.000000 0.342292 0.633518
6.656925e-01 4.519823e-03 4.519823e-03 1.000000 0.846092 0.869122
5.327283e-01 4.512758e-03 4.512758e-03 1.000000 0.020211 0.942045
7.633595e-03 4.508369e-03 4.508369e-03 1.000000 0.989190 0.211532
9.547551e-01 4.508038e-03 4.508038e-03 1.000000 0.679472 0.569258
6.103697e-01 4.506885e-03 4.506885e-03 1.000000 0.000388 0.180692
8.992233e-01 4.472857e-03 4.472857e-03 1.000000 0.973010 0.384924
7.784246e-01 4.462723e-03 4.462723e-03 1.000000 0.355940 0.924983
2.731683e-01 4.457687e-03 4.457687e-03 1.000000 0.870041 0.957490
1.398862e-01 4.455607e-03 4.455607e-03 1.000000 0.339407 0.161374
1.776525e-01 4.454923e-03 4.454923e-03 1.000000 0.453858 0.847033
9.726322e-01 4.442420e-03 4.442420e-03 1.000000 0.061290 0.641343
9.328063e-01 4.435445e-03 4.435445e-03 1.000000 0.374123 0.330934
9.145832e-01 4.434991e-03 4.434991e-03 1.000000 0.294885 0.087074
9.758323e-01 4.429545e-03 4.429545e-03 1.000000 0.565669 0.885111
3.618822e-01 4.429463e-03 4.429463e-03 1.000000 0.742992 0.468528
5.076639e-01 4.420184e-03 4.420184e-03 1.000000 0.096667 0.230396
2.948699e-02 4.417488e-03 4.417488e-03 1.000000 0.833591 0.938275
4.039878e-01 4.416281e-03 4.416281e-03 1.000000 0.713089 0.273849
1.709296e-01 4.413184e-03 4.413184e-03 1.000000 0.409574 0.981570
3.811894e-01 4.408816e-03 4.408816e-03 1.000000 0.716093 0.663396
4.739962e-01 4.397252e-03 4.397252e-03 1.000000 0.370060 0.698735
4.131926e-01 4.396556e-03 4.396556e-03 1.000000 0.029873 0.467449
2.205710e-02 4.386859e-03 4.386859e-03 1.000000 0.872956 0.373915
1.982207e-01 4.386047e-03 4.386047e-03 1.000000 0.697023 0.043745
9.203412e-01 4.384961e-03 4.384961e-03 1.000000 0.545137 0.826939
8.445862e-01 4.372172e-03 4.372172e-03 1.000000 0.955951 0.574985
9.715330e-02 4.371691e-03 4.371691e-03 1.000000 0.776162 0.089753
1.431852e-01 4.370028e-03 4.370028e-03 1.000000 0.458463 0.494792
1.434885e-01 4.367708e-03 4.367708e-03 1.000000 0.344289 0.156658
2.026403e-01 4.361780e-03 4.361780e-03 1.000000 0.971977 0.321643
3.922234e-01 4.345441e-03 4.345441e-03 1.000000 0.200704 0.324944
2.472227e-01 4.341302e-03 4.341302e-03 1.000000 0.020676 0.649355
6.935655e-01 4.340759e-03 4.340759e-03 1.000000 0.431323 0.374168
4.575404e-01 4.332497e-03 4.332497e-03 1.000000 0.713690 0.247072
4.196232e-01 4.328046e-03 4.328046e-03 1.000000 0.715474 0.123809
3.110240e-01 4.314739e-03 4.314739e-03 1.000000 0.049839 0.460550
1.593501e-01 4.313422e-03 4.313422e-03 1.000000 0.341820 0.838685
2.035643e-01 4.310211e-03 4.310211e-03 1.000000 0.927961 0.055543
9.387897e-01 4.309192e-03 4.309192e-03 1.000000 0.070908 0.077633
4.667723e-01 4.297508e-03 4.297508e-03 1.000000 0.405706 0.356401
3.604756e-01 4.283618e-03 4.283618e-03 1.000000 0.565700 0.317597
7.183635e-01 4.272021e-03 4.272021e-03 1.000000 0.911993 0.046618
2.775799e-01 4.268844e-03 4.268844e-03 1.000000 0.500873 0.121207
7.942696e-01 4.267514e-03 4.267514e-03 1.000000 0.671499 0.491978
5.394694e-01 4.267402e-03 4.267402e-03 1.000000 0.150602 0.454329
1.648202e-01 4.253047e-03 4.253047e-03 1.000000 0.646301 0.021241
1.280461e-01 4.251056e-03 4.251056e-03 1.000000 0.595501 0.209047
3.434354e-02 4.250000e-03 4.250000e-03 1.000000 0.075830 0.398728
7.049289e-01 4.248635e-03 4.248635e-03 1.000000 0.458161 0.419772
2.659890e-01 4.247469e-03 4.247469e-03 1.000000 0.234431 0.450964
5.019353e-01 4.243451e-03 4.243451e-03 1.000000 0.650557 0.050345
8.208006e-01 4.239073e-03 4.239073e-03 1.000000 0.620820 0.601621
2.047577e-01 4.229274e-03 4.229274e-03 1.000000 0.916715 0.672602
6.659721e-01 4.224891e-03 4.224891e-03 1.000000 0.328865 0.676328
6.094390e-01 4.224754e-03 4.224754e-03 1.000000 0.733602 0.900294
5.826410e-01 4.213182e-03 4.213182e-03 1.000000 0.013408 0.461301
5.625062e-01 4.211539e-03 4.211539e-03 1.000000 0.646729 0.256417
1.561094e-02 4.203494e-03 4.203494e-03 1.000000 0.464360 0.714801
7.427880e-01 4.195383e-03 4.195383e-03 1.000000 0.674548 0.588687
1.906438e-01 4.193822e-03 4.193822e-03 1.000000 0.795726 0.739352
7.634649e-01 4.189434e-03 4.189434e-03 1.000000 0.226565 0.910391
1.183430e-01 4.188140e-03 4.188140e-03 1.000000 0.031215 0.169744
4.277420e-01 4.186132e-03 4.186132e-03 1.000000 0.736210 0.467408
1.001578e-01 4.183866e-03 4.183866e-03 1.000000 0.869508 0.439660
5.734145e-01 4.180352e-03 4.180352e-03 1.000000 0.395868 0.255203
6.706008e-01 4.178975e-03 4.178975e-03 1.000000 0.355295 0.276295
1.146603e-01 4.173140e-03 4.173140e-03 1.000000 0.150991 0.933676
2.928721e-01 4.160281e-03 4.160281e-03 1.000000 0.780086 0.145300
3.526851e-01 4.159380e-03 4.159380e-03 1.000000 0.587345 0.530175
3.483471e-01 4.151460e-03 4.151460e-03 1.000000 0.795414 0.346200
1.039219e-01 4.146319e-03 4.146319e-03 1.000000 0.965453 0.803643
5.924122e-01 4.145481e-03 4.145481e-03 1.000000 0.292596 0.423556
2.962406e-01 4.135340e-03 4.135340e-03 1.000000 0.958624 0.354880
6.439392e-01 4.132825e-03 4.132825e-03 1.000000 0.711191 0.313539
7.017820e-01 4.124127e-03 4.124127e-03 1.000000 0.595456 0.904151
6.310336e-01 4.116494e-03 4.116494e-03 1.000000 0.026414 0.386545
3.291185e-01 4.110256e-03 4.110256e-03 1.000000 0.638941 0.135831
7.166767e-01 4.109712e-03 4.109712e-03 1.000000 0.749525 0.419820
7.096786e-02 4.107435e-03 4.107435e-03 1.000000 0.004875 0.681585
8.521928e-01 4.106897e-03 4.106897e-03 1.000000 0.774424 0.998523
7.483103e-01 4.103781e-03 4.103781e-03 1.000000 0.503333 0.210027
4.101426e-01 4.095845e-03 4.095845e-03 1.000000 0.977895 0.676592
6.525403e-01 4.092305e-03 4.092305e-03 1.000000 0.096219 0.190587
5.495821e-01 4.092227e-03 4.092227e-03 1.000000 0.268248 0.116834
6.467693e-01 4.073526e-03 4.073526e-03 1.000000 0.600958 0.993778
5.113785e-01 4.070145e-03 4.070145e-03 1.000000 0.803744 0.946497
2.522841e-01 4.056037e-03 4.056037e-03 1.000000 0.178587 0.349091
7.763261e-01 4.054151e-03 4.054151e-03 1.000000 0.048570 0.480665
6.322834e-01 4.049987e-03 4.049987e-03 1.000000 0.931388 0.113688
9.112944e-01 4.044625e-03 4.044625e-03 1.000000 0.063207 0.677253
8.087569e-01 4.039712e-03 4.039712e-03 1.000000 0.608694 0.074801
5.236794e-01 4.036778e-03 4.036778e-03 1.000000 0.232882 0.256316
5.775200e-01 4.035758e-03 4.035758e-03 1.000000 0.192945 0.478920
1.947527e-01 4.031709e-03 4.031709e-03 1.000000 0.761311 0.274005
7.481567e-01 4.030379e-03 4.030379e-03 1.000000 0.484789 0.147453
5.516679e-01 4.028811e-03 4.028811e-03 1.000000 0.874845 0.572993
7.393947e-01 4.028753e-03 4.028753e-03 1.000000 0.308994 0.925939
1.831521e-01 4.028474e-03 4.028474e-03 1.000000 0.703438 0.375156
5.912825e-01 4.028194e-03 4.028194e-03 1.000000 0.265520 0.181958
5.752303e-02 4.023246e-03 4.023246e-03 1.000000 0.783797 0.261381
6.024010e-02 3.987941e-03 3.987941e-03 1.000000 0.509612 0.618153
8.724114e-01 3.977793e-03 3.977793e-03 1.000000 0.590069 0.598261
4.226910e-01 3.969345e-03 3.969345e-03 1.000000 0.438207 0.252986
8.788739e-02 3.964472e-03 3.964472e-03 1.000000 0.825371 0.219218
8.691865e-02 3.961175e-03 3.961175e-03 1.000000 0.876184 0.048845
3.608672e-01 3.949781e-03 3.949781e-03 1.000000 0.629766 0.909506
7.956309e-01 3.947672e-03 3.947672e-03 1.000000 0.881608 0.557821
2.081946e-01 3.944298e-03 3.944298e-03 1.000000 0.793841 0.708448
3.348884e-01 3.935451e-03 3.935451e-03 1.000000 0.482662 0.531674
9.662057e-01 3.928161e-03 3.928161e-03 1.000000 0.277307 0.851994
1.910659e-02 3.925269e-03 3.925269e-03 1.000000 0.041447 0.225947
4.989137e-01 3.923941e-03 3.923941e-03 1.000000 0.399505 0.361266
5.335086e-01 3.892709e-03 3.892709e-03 1.000000 0.114283 0.914568
8.684266e-01 3.889603e-03 3.889603e-03 1.000000 0.140103 0.800022
6.105160e-01 3.886680e-03 3.886680e-03 1.000000 0.751700 0.373696
8.974812e-01 3.883899e-03 3.883899e-03 1.000000 0.239089 0.396794
7.208535e-01 3.872003e-03 3.872003e-03 1.000000 0.166700 0.498238
8.349769e-01 3.871539e-03 3.871539e-03 1.000000 0.465108 0.961046
2.643505e-01 3.850832e-03 3.850832e-03 1.000000 0.363599 0.714174
8.975780e-01 3.848272e-03 3.848272e-03 1.000000 0.784317 0.566156
1.440299e-01 3.839014e-03 3.839014e-03 1.000000 0.783509 0.176926
6.890007e-01 3.836994e-03 3.836994e-03 1.000000 0.876640 0.092771
3.995380e-01 3.833091e-03 3.833091e-03 1.000000 0.529080 0.446622
7.326231e-01 3.822307e-03 3.822307e-03 1.000000 0.620417 0.509580
4.102194e-01 3.821252e-03 3.821252e-03 1.000000 0.681777 0.663294
7.376295e-01 3.820072e-03 3.820072e-03 1.000000 0.793796 0.000383
8.206647e-01 3.816786e-03 3.816786e-03 1.000000 0.674343 0.142775
8.298507e-01 3.815892e-03 3.815892e-03 1.000000 0.006038 0.451637
9.449775e-01 3.813986e-03 3.813986e-03 1.000000 0.451845 0.643967
4.735664e-01 3.803554e-03 3.803554e-03 1.000000 0.163152 0.799838
6.276025e-01 3.793184e-03 3.793184e-03 1.000000 0.669992 0.041856
7.361990e-01 3.791149e-03 3.791149e-03 1.000000 0.025195 0.229034
6.392876e-01 3.788035e-03 3.788035e-03 1.000000 0.784598 0.566243
8.235661e-01 3.786492e-03 3.786492e-03 1.000000 0.882262 0.765283
6.312667e-01 3.783403e-03 3.783403e-03 1.000000 0.920761 0.452291
1.436620e-01 3.770504e-03 3.770504e-03 1.000000 0.268689 0.032498
3.670937e-02 3.768343e-03 3.768343e-03 1.000000 0.325540 0.539048
1.310193e-01 3.765728e-03 3.765728e-03 1.000000 0.282984 0.687363
8.990895e-01 3.751108e-03 3.751108e-03 1.000000 0.841799 0.449884
5.043017e-01 3.745754e-03 3.745754e-03 1.000000 0.112638 0.707909
4.477670e-01 3.732843e-03 3.732843e-03 1.000000 0.051411 0.341665
4.347968e-01 3.732023e-03 3.732023e-03 1.000000 0.109210 0.105038
6.804008e-01 3.724760e-03 3.724760e-03 1.000000 0.425381 0.959737
1.458120e-02 3.720345e-03 3.720345e-03 1.000000 0.659956 0.895830
1.038924e-02 3.717932e-03 3.717932e-03 1.000000 0.805890 0.220329
5.239815e-02 3.710971e-03 3.710971e-03 1.000000 0.517926 0.767223
5.411423e-01 3.694817e-03 3.694817e-03 1.000000 0.928494 0.765404
2.442944e-01 3.681678e-03 3.681678e-03 1.000000 0.812463 0.190639
1.826555e-01 3.679523e-03 3.679523e-03 1.000000 0.417035 0.697414
1.470107e-01 3.676787e-03 3.676787e-03 1.000000 0.012674 0.166490
2.887602e-01 3.676658e-03 3.676658e-03 1.000000 0.078759 0.083673
4.418814e-01 3.672498e-03 3.672498e-03 1.000000 0.662084 0.471651
7.373774e-01 3.671644e-03 3.671644e-03 1.000000 0.378258 0.106560
1.655154e-01 3.670459e-03 3.670459e-03 1.000000 0.761618 0.258978
3.799769e-01 3.669765e-03 3.669765e-03 1.000000 0.820310 0.947658
6.171407e-02 3.650486e-03 3.650486e-03 1.000000 0.684892 0.989696
8.779777e-01 3.635202e-03 3.635202e-03 1.000000 0.349736 0.111143
4.576514e-01 3.633226e-03 3.633226e-03 1.000000 0.123560 0.995503
3.915424e-01 3.627435e-03 3.627435e-03 1.000000 0.597837 0.748720
3.588721e-01 3.615509e-03 3.615509e-03 1.000000 0.159308 0.591523
5.932898e-01 3.614275e-03 3.614275e-03 1.000000 0.922380 0.158232
8.368633e-01 3.610398e-03 3.610398e-03 1.000000 0.683661 0.337475
1.111474e-01 3.600135e-03 3.600135e-03 1.000000 0.794366 0.410395
7.202949e-01 3.579164e-03 3.579164e-03 1.000000 0.304434 0.728207
9.950643e-02 3.571655e-03 3.571655e-03 1.000000 0.412360 0.099639
5.555336e-01 3.556382e-03 3.556382e-03 1.000000 0.561761 0.522883
7.721195e-01 3.550879e-03 3.550879e-03 1.000000 0.846401 0.093596
5.872338e-01 3.532539e-03 3.532539e-03 1.000000 0.693253 0.682396
4.199051e-01 3.529205e-03 3.529205e-03 1.000000 0.246499 0.532375
3.223483e-02 3.527364e-03 3.527364e-03 1.000000 0.514558 0.810892
2.694093e-01 3.523645e-03 3.523645e-03 1.000000 0.602615 0.360134
1.263725e-01 3.499528e-03 3.499528e-03 1.000000 0.335958 0.306445
6.178809e-02 3.485162e-03 3.485162e-03 1.000000 0.947212 0.379006
9.938038e-01 3.480031e-03 3.480031e-03 1.000000 0.022952 0.102732
3.379859e-01 3.478892e-03 3.478892e-03 1.000000 0.908441 0.982409
2.425037e-01 3.472517e-03 3.472517e-03 1.000000 0.747395 0.468046
9.892462e-01 3.471450e-03 3.471450e-03 1.000000 0.877928 0.282691
1.384677e-01 3.470657e-03 3.470657e-03 1.000000 0.504367 0.801542
4.534688e-01 3.451660e-03 3.451660e-03 1.000000 0.951977 0.677863
1.980277e-02 3.450200e-03 3.450200e-03 1.000000 0.556025 0.980678
3.950449e-01 3.427399e-03 3.427399e-03 1.000000 0.181532 0.878475
4.398374e-01 3.426585e-03 3.426585e-03 1.000000 0.817042 0.020051
3.464910e-02 3.417889e-03 3.417889e-03 1.000000 0.646425 0.370237
9.504978e-02 3.415861e-03 3.415861e-03 1.000000 0.134861 0.414032
9.743037e-01 3.406422e-03 3.406422e-03 1.000000 0.090816 0.548689
8.986189e-01 3.400397e-03 3.400397e-03 1.000000 0.464280 0.396839
1.493478e-01 3.400228e-03 3.400228e-03 1.000000 0.163012 0.740859
2.696627e-01 3.398425e-03 3.398425e-03 1.000000 0.686559 0.130815
4.916967e-01 3.393656e-03 3.393656e-03 1.000000 0.208197 0.520990
2.665765e-01 3.385107e-03 3.385107e-03 1.000000 0.980121 0.485305
6.326545e-01 3.381607e-03 3.381607e-03 1.000000 0.300272 0.775543
2.413818e-01 3.378136e-03 3.378136e-03 1.000000 0.487067 0.667460
9.973405e-01 3.354170e-03 3.354170e-03 1.000000 0.079418 0.688417
4.120636e-02 3.352594e-03 3.352594e-03 1.000000 0.444757 0.119890
2.115401e-01 3.348860e-03 3.348860e-03 1.000000 0.483214 0.977489
9.485424e-01 3.341752e-03 3.341752e-03 1.000000 0.596146 0.675846
3.518343e-01 3.335278e-03 3.335278e-03 1.000000 0.100849 0.076484
4.547263e-01 3.329672e-03 3.329672e-03 1.000000 0.820620 0.099278
2.161205e-02 3.323650e-03 3.323650e-03 1.000000 0.947135 0.272899
7.875672e-01 3.320636e-03 3.320636e-03 1.000000 0.661182 0.408269
9.545828e-01 3.303393e-03 3.303393e-03 1.000000 0.528967 0.466562
6.904251e-01 3.294488e-03 3.294488e-03 1.000000 0.848177 0.290256
8.083303e-01 3.286876e-03 3.286876e-03 1.000000 0.987363 0.523041
1.700646e-01 3.272517e-03 3.272517e-03 1.000000 0.231501 0.501741
4.547814e-01 3.267305e-03 3.267305e-03 1.000000 0.278149 0.312477
1.154769e-01 3.255973e-03 3.255973e-03 1.000000 0.479669 0.636642
2.037679e-02 3.255170e-03 3.255170e-03 1.000000 0.462328 0.035416
9.276405e-01 3.247157e-03 3.247157e-03 1.000000 0.612250 0.300362
7.835365e-01 3.244500e-03 3.244500e-03 1.000000 0.521307 0.693967
9.761524e-01 3.241783e-03 3.241783e-03 1.000000 0.765203 0.019533
4.341132e-02 3.240936e-03 3.240936e-03 1.000000 0.505250 0.534476
6.624632e-01 3.233242e-03 3.233242e-03 1.000000 0.378680 0.979872
7.845676e-01 3.232796e-03 3.232796e-03 1.000000 0.743804 0.960136
5.846079e-01 3.226341e-03 3.226341e-03 1.000000 0.386079 0.119537
5.374521e-01 3.225683e-03 3.225683e-03 1.000000 0.320034 0.932855
9.852225e-01 3.221239e-03 3.221239e-03 1.000000 0.889957 0.644112
7.521666e-01 3.221104e-03 3.221104e-03 1.000000 0.328138 0.892324
6.198694e-01 3.220312e-03 3.220312e-03 1.000000 0.559174 0.453260
3.843518e-01 3.218862e-03 3.218862e-03 1.000000 0.974745 0.428308
8.935192e-01 3.213724e-03 3.213724e-03 1.000000 0.664058 0.638028
6.767386e-01 3.208293e-03 3.208293e-03 1.000000 0.388109 0.045492
8.012162e-01 3.207813e-03 3.207813e-03 1.000000 0.487212 0.544573
6.956030e-02 3.201835e-03 3.201835e-03 1.000000 0.432766 0.193870
4.997696e-01 3.195473e-03 3.195473e-03 1.000000 0.046276 0.453086
1.196027e-02 3.190791e-03 3.190791e-03 1.000000 0.494191 0.129571
4.388449e-01 3.170384e-03 3.170384e-03 1.000000 0.944769 0.395711
5.866526e-01 3.167927e-03 3.167927e-03 1.000000 0.258287 0.573253
1.733155e-02 3.163247e-03 3.163247e-03 1.000000 0.582004 0.518535
5.789694e-01 3.156011e-03 3.156011e-03 1.000000 0.863966 0.421410
1.538479e-01 3.147209e-03 3.147209e-03 1.000000 0.368570 0.458954
4.432634e-01 3.134745e-03 3.134745e-03 1.000000 0.368291 0.988910
7.935642e-01 3.133507e-03 3.133507e-03 1.000000 0.272469 0.744556
8.066765e-01 3.129475e-03 3.129475e-03 1.000000 0.416964 0.471833
9.750310e-02 3.126859e-03 3.126859e-03 1.000000 0.600776 0.904005
6.907587e-01 3.118506e-03 3.118506e-03 1.000000 0.467394 0.425293
2.609204e-01 3.096119e-03 3.096119e-03 1.000000 0.500088 0.564895
7.661682e-01 3.091892e-03 3.091892e-03 1.000000 0.682686 0.943451
1.018634e-02 3.080163e-03 3.080163e-03 1.000000 0.606616 0.661788
4.378845e-01 3.070639e-03 3.070639e-03 1.000000 0.463198 0.854446
8.114765e-01 3.066747e-03 3.066747e-03 1.000000 0.100569 0.246663
5.621874e-01 3.052388e-03 3.052388e-03 1.000000 0.563914 0.108347
2.960733e-01 3.052145e-03 3.052145e-03 1.000000 0.464049 0.364975
2.156326e-01 3.030796e-03 3.030796e-03 1.000000 0.255244 0.582722
3.446926e-01 3.015176e-03 3.015176e-03 1.000000 0.951729 0.204389
2.235722e-01 3.012463e-03 3.012463e-03 1.000000 0.544482 0.837961
1.766164e-01 3.012008e-03 3.012008e-03 1.000000 0.508029 0.760112
5.353248e-01 2.994088e-03 2.994088e-03 1.000000 0.079343 0.370985
2.306332e-01 2.988959e-03 2.988959e-03 1.000000 0.969605 0.714549
6.769905e-01 2.982979e-03 2.982979e-03 1.000000 0.390664 0.370607
6.296971e-01 2.980659e-03 2.980659e-03 1.000000 0.654885 0.191461
6.401959e-01 2.975332e-03 2.975332e-03 1.000000 0.687043 0.716651
4.608891e-01 2.967339e-03 2.967339e-03 1.000000 0.166702 0.038768
6.960920e-01 2.965348e-03 2.965348e-03 1.000000 0.828538 0.983403
3.358831e-01 2.965200e-03 2.965200e-03 1.000000 0.896961 0.523554
8.999750e-01 2.964065e-03 2.964065e-03 1.000000 0.683856 0.372123
2.162087e-01 2.950678e-03 2.950678e-03 1.000000 0.650011 0.813056
5.028356e-01 2.943177e-03 2.943177e-03 1.000000 0.146985 0.974265
2.070510e-01 2.922661e-03 2.922661e-03 1.000000 0.152367 0.136172
5.016711e-01 2.911935e-03 2.911935e-03 1.000000 0.123316 0.628866
8.868957e-01 2.907450e-03 2.907450e-03 1.000000 0.386704 0.144849
2.043102e-01 2.905153e-03 2.905153e-03 1.000000 0.423884 0.742051
3.148953e-01 2.893844e-03 2.893844e-03 1.000000 0.517669 0.593843
7.573018e-01 2.891515e-03 2.891515e-03 1.000000 0.105971 0.038351
4.790707e-01 2.877435e-03 2.877435e-03 1.000000 0.835818 0.834219
2.341118e-01 2.871810e-03 2.871810e-03 1.000000 0.815073 0.801707
4.194148e-01 2.854179e-03 2.854179e-03 1.000000 0.768610 0.652014
9.910839e-01 2.851494e-03 2.851494e-03 1.000000 0.371280 0.198665
1.878034e-01 2.851080e-03 2.851080e-03 1.000000 0.087335 0.138293
2.611554e-01 2.829086e-03 2.829086e-03 1.000000 0.176708 0.908045
1.558241e-01 2.828257e-03 2.828257e-03 1.000000 0.812049 0.160488
9.270451e-01 2.825076e-03 2.825076e-03 1.000000 0.861361 0.282868
4.732526e-01 2.819867e-03 2.819867e-03 1.000000 0.615830 0.773894
1.815164e-01 2.805739e-03 2.805739e-03 1.000000 0.291733 0.383951
1.088047e-01 2.803310e-03 2.803310e-03 1.000000 0.518711 0.346999
2.423241e-01 2.793916e-03 2.793916e-03 1.000000 0.969670 0.398591
1.823254e-01 2.780099e-03 2.780099e-03 1.000000 0.368792 0.414103
9.449294e-01 2.779393e-03 2.779393e-03 1.000000 0.867352 0.027237
4.014691e-01 2.773306e-03 2.773306e-03 1.000000 0.533294 0.216648
9.367357e-01 2.773162e-03 2.773162e-03 1.000000 0.659742 0.323518
7.636401e-02 2.767991e-03 2.767991e-03 1.000000 0.705972 0.339272
4.877815e-01 2.760555e-03 2.760555e-03 1.000000 0.358771 0.271126
8.382079e-01 2.758368e-03 2.758368e-03 1.000000 0.294351 0.932527
3.604508e-01 2.755139e-03 2.755139e-03 1.000000 0.491293 0.048172
3.092905e-01 2.750171e-03 2.750171e-03 1.000000 0.809941 0.364014
9.337251e-03 2.747580e-03 2.747580e-03 1.000000 0.960702 0.666542
3.741826e-02 2.720838e-03 2.720838e-03 1.000000 0.512050 0.056447
9.972682e-01 2.715344e-03 2.715344e-03 1.000000 0.939917 0.927402
2.739053e-01 2.713344e-03 2.713344e-03 1.000000 0.911330 0.622157
8.030187e-01 2.712556e-03 2.712556e-03 1.000000 0.327469 0.471708
1.740710e-01 2.704779e-03 2.704779e-03 1.000000 0.255721 0.799579
4.458444e-01 2.692429e-03 2.692429e-03 1.000000 0.360524 0.119237
9.942390e-01 2.692073e-03 2.692073e-03 1.000000 0.410252 0.520200
1.595044e-01 2.683513e-03 2.683513e-03 1.000000 0.798081 0.656433
9.549795e-02 2.679965e-03 2.679965e-03 1.000000 0.129534 0.022162
1.838163e-01 2.676086e-03 2.676086e-03 1.000000 0.815046 0.959162
1.065035e-01 2.608439e-03 2.608439e-03 1.000000 0.593727 0.924989
6.715113e-01 2.606842e-03 2.606842e-03 1.000000 0.793736 0.641169
9.089556e-01 2.602827e-03 2.602827e-03 1.000000 0.548407 0.687502
6.873801e-01 2.601748e-03 2.601748e-03 1.000000 0.545805 0.902547
2.790584e-01 2.591337e-03 2.591337e-03 1.000000 0.293713 0.266561
9.126280e-01 2.590056e-03 2.590056e-03 1.000000 0.350472 0.083029
5.102766e-01 2.580562e-03 2.580562e-03 1.000000 0.171411 0.846113
6.128203e-01 2.579105e-03 2.579105e-03 1.000000 0.143561 0.926411
3.053364e-01 2.568459e-03 2.568459e-03 1.000000 0.837416 0.724065
5.182564e-01 2.566349e-03 2.566349e-03 1.000000 0.077293 0.592410
3.094537e-01 2.564639e-03 2.564639e-03 1.000000 0.918362 0.449113
4.211390e-02 2.552886e-03 2.552886e-03 1.000000 0.773339 0.350185
5.900839e-02 2.546132e-03 2.546132e-03 1.000000 0.125638 0.897947
3.075938e-03 2.535989e-03 2.535989e-03 1.000000 0.991796 0.021419
9.836676e-01 2.534997e-03 2.534997e-03 1.000000 0.724929 0.436162
3.640143e-01 2.532730e-03 2.532730e-03 1.000000 0.349987 0.638288
6.231864e-01 2.520099e-03 2.520099e-03 1.000000 0.369667 0.954299
8.897282e-01 2.495576e-03 2.495576e-03 1.000000 0.428272 0.115372
7.933027e-01 2.494498e-03 2.494498e-03 1.000000 0.495202 0.753159
3.192634e-01 2.492704e-03 2.492704e-03 1.000000 0.977635 0.478878
8.076615e-01 2.490461e-03 2.490461e-03 1.000000 0.139014 0.382999
4.515141e-01 2.487108e-03 2.487108e-03 1.000000 0.779887 0.672001
7.154748e-01 2.484926e-03 2.484926e-03 1.000000 0.455208 0.380949
4.711620e-01 2.480519e-03 2.480519e-03 1.000000 0.490049 0.670828
1.270345e-01 2.477951e-03 2.477951e-03 1.000000 0.648975 0.586029
2.721887e-01 2.475995e-03 2.475995e-03 1.000000 0.520247 0.546374
2.775432e-01 2.474639e-03 2.474639e-03 1.000000 0.398407 0.472495
8.574873e-01 2.470375e-03 2.470375e-03 1.000000 0.415281 0.903046
7.443761e-01 2.460515e-03 2.460515e-03 1.000000 0.721398 0.234029
6.375346e-01 2.459395e-03 2.459395e-03 1.000000 0.672354 0.620195
5.280533e-01 2.450016e-03 2.450016e-03 1.000000 0.474333 0.208796
9.068536e-01 2.425884e-03 2.425884e-03 1.000000 0.407877 0.849383
1.637895e-01 2.418523e-03 2.418523e-03 1.000000 0.987278 0.008442
6.353690e-01 2.414178e-03 2.414178e-03 1.000000 0.682620 0.126498
8.913931e-01 2.403992e-03 2.403992e-03 1.000000 0.358626 0.733635
9.030513e-01 2.393364e-03 2.393364e-03 1.000000 0.498189 0.919297
6.418661e-01 2.366057e-03 2.366057e-03 1.000000 0.129829 0.100017
7.247650e-02 2.356348e-03 2.356348e-03 1.000000 0.042028 0.665496
3.615677e-02 2.306712e-03 2.306712e-03 1.000000 0.827864 0.276310
3.691029e-01 2.285578e-03 2.285578e-03 1.000000 0.001476 0.090212
2.210859e-02 2.272496e-03 2.272496e-03 1.000000 0.130970 0.058576
9.480175e-01 2.266934e-03 2.266934e-03 1.000000 0.259575 0.319391
5.476014e-01 2.251730e-03 2.251730e-03 1.000000 0.034297 0.928983
6.410178e-01 2.246072e-03 2.246072e-03 1.000000 0.624352 0.155597
4.840334e-01 2.225099e-03 2.225099e-03 1.000000 0.617135 0.690862
6.871320e-01 2.196726e-03 2.196726e-03 1.000000 0.087655 0.004342
1.518173e-01 2.188643e-03 2.188643e-03 1.000000 0.972758 0.600654
4.214743e-01 2.184628e-03 2.184628e-03 1.000000 0.621557 0.263223
2.682163e-01 2.177892e-03 2.177892e-03 1.000000 0.479730 0.616757
1.932847e-01 2.169386e-03 2.169386e-03 1.000000 0.851113 0.076887
3.462993e-01 2.168664e-03 2.168664e-03 1.000000 0.367952 0.315943
3.396936e-01 2.164913e-03 2.164913e-03 1.000000 0.411710 0.103038
5.449524e-01 2.162876e-03 2.162876e-03 1.000000 0.590026 0.826582
9.176073e-01 2.129181e-03 2.129181e-03 1.000000 0.209418 0.174878
2.389689e-01 2.123775e-03 2.123775e-03 1.000000 0.511715 0.084447
7.887943e-01 2.112954e-03 2.112954e-03 1.000000 0.171732 0.664422
4.123474e-01 2.110926e-03 2.110926e-03 1.000000 0.878745 0.201370
6.151409e-01 2.104899e-03 2.104899e-03 1.000000 0.660813 0.946354
7.384288e-01 2.088231e-03 2.088231e-03 1.000000 0.240051 0.327891
8.611559e-01 2.058285e-03 2.058285e-03 1.000000 0.261377 0.611958
2.851343e-01 2.057892e-03 2.057892e-03 1.000000 0.215207 0.853139
7.769401e-01 2.043074e-03 2.043074e-03 1.000000 0.779937 0.377958
2.657513e-01 2.040208e-03 2.040208e-03 1.000000 0.814469 0.727895
4.952490e-01 2.033755e-03 2.033755e-03 1.000000 0.041293 0.824706
4.989197e-01 2.016536e-03 2.016536e-03 1.000000 0.329559 0.111377
8.283991e-01 2.014715e-03 2.014715e-03 1.000000 0.178528 0.367136
1.685178e-01 2.013597e-03 2.013597e-03 1.000000 0.579781 0.122729
2.178280e-01 2.013506e-03 2.013506e-03 1.000000 0.113144 0.948547
2.266177e-01 2.009819e-03 2.009819e-03 1.000000 0.539166 0.941115
8.572106e-02 2.009774e-03 2.009774e-03 1.000000 0.957388 0.157365
6.812872e-01 2.007973e-03 2.007973e-03 1.000000 0.156583 0.907450
4.552236e-01 1.992604e-03 1.992604e-03 1.000000 0.709985 0.952637
7.661303e-01 1.985848e-03 1.985848e-03 1.000000 0.342901 0.338508
5.925594e-01 1.979436e-03 1.979436e-03 1.000000 0.366171 0.032236
5.176459e-01 1.968932e-03 1.968932e-03 1.000000 0.206530 0.715888
2.468186e-01 1.968571e-03 1.968571e-03 1.000000 0.626586 0.819133
3.191144e-01 1.962952e-03 1.962952e-03 1.000000 0.066493 0.377613
6.608512e-01 1.960959e-03 1.960959e-03 1.000000 0.908646 0.574799
9.715856e-01 1.956416e-03 1.956416e-03 1.000000 0.343423 0.732655
3.488249e-01 1.954395e-03 1.954395e-03 1.000000 0.143190 0.991589
4.685859e-01 1.937402e-03 1.937402e-03 1.000000 0.044267 0.060324
7.281936e-01 1.935914e-03 1.935914e-03 1.000000 0.185049 0.017371
4.493074e-01 1.934001e-03 1.934001e-03 1.000000 0.304333 0.722142
6.789723e-01 1.920089e-03 1.920089e-03 1.000000 0.662502 0.249277
9.718773e-01 1.919067e-03 1.919067e-03 1.000000 0.376460 0.995153
9.973438e-01 1.900499e-03 1.900499e-03 1.000000 0.562192 0.875456
5.249464e-01 1.885835e-03 1.885835e-03 1.000000 0.712992 0.941833
2.034464e-01 1.883032e-03 1.883032e-03 1.000000 0.038399 0.640456
5.408400e-01 1.817296e-03 1.817296e-03 1.000000 0.711404 0.055350
5.777539e-01 1.814390e-03 1.814390e-03 1.000000 0.468081 0.536775
5.983679e-01 1.791643e-03 1.791643e-03 1.000000 0.520910 0.696274
6.883138e-01 1.786708e-03 1.786708e-03 1.000000 0.103187 0.753312
8.399041e-01 1.756082e-03 1.756082e-03 1.000000 0.486111 0.640087
3.280110e-02 1.752548e-03 1.752548e-03 1.000000 0.283469 0.073487
9.162838e-01 1.720446e-03 1.720446e-03 1.000000 0.510983 0.058701
8.825534e-01 1.715799e-03 1.715799e-03 1.000000 0.046540 0.278425
9.208657e-01 1.702939e-03 1.702939e-03 1.000000 0.993858 0.291566
2.131893e-01 1.700945e-03 1.700945e-03 1.000000 0.709899 0.574616
4.713525e-01 1.697926e-03 1.697926e-03 1.000000 0.579946 0.019680
8.353457e-01 1.697230e-03 1.697230e-03 1.000000 0.033239 0.429918
3.162198e-01 1.694871e-03 1.694871e-03 1.000000 0.563551 0.334046
8.838006e-01 1.694784e-03 1.694784e-03 1.000000 0.694319 0.414002
9.127473e-01 1.688577e-03 1.688577e-03 1.000000 0.892232 0.158455
8.565365e-02 1.687990e-03 1.687990e-03 1.000000 0.760388 0.275462
8.315586e-01 1.684485e-03 1.684485e-03 1.000000 0.513905 0.802167
1.479780e-01 1.621115e-03 1.621115e-03 1.000000 0.824974 0.906732
7.149578e-01 1.606238e-03 1.606238e-03 1.000000 0.082454 0.383853
6.476406e-01 1.591477e-03 1.591477e-03 1.000000 0.538273 0.394254
1.365291e-02 1.590390e-03 1.590390e-03 1.000000 0.749952 0.379941
1.836546e-01 1.568560e-03 1.568560e-03 1.000000 0.960251 0.379082
1.762437e-01 1.566761e-03 1.566761e-03 1.000000 0.737574 0.328983
4.674522e-01 1.520622e-03 1.520622e-03 1.000000 0.967588 0.684748
2.679988e-01 1.516687e-03 1.516687e-03 1.000000 0.050899 0.330638
2.416649e-01 1.461578e-03 1.461578e-03 1.000000 0.536043 0.933094
9.013464e-01 1.453636e-03 1.453636e-03 1.000000 0.786859 0.878226
7.365148e-01 1.428731e-03 1.428731e-03 1.000000 0.517482 0.101750
1.905305e-01 1.413339e-03 1.413339e-03 1.000000 0.855243 0.129663
9.580906e-01 1.406740e-03 1.406740e-03 1.000000 0.591072 0.362888
4.829606e-02 1.360909e-03 1.360909e-03 1.000000 0.249965 0.190439
2.134160e-01 1.349493e-03 1.349493e-03 1.000000 0.175431 0.661259
8.608033e-01 1.336873e-03 1.336873e-03 1.000000 0.076806 0.614258
5.043966e-02 1.321243e-03 1.321243e-03 1.000000 0.856044 0.617874
7.175324e-01 1.317698e-03 1.317698e-03 1.000000 0.806258 0.962101
2.065123e-01 1.307946e-03 1.307946e-03 1.000000 0.954564 0.682871
8.099567e-01 1.194574e-03 1.194574e-03 1.000000 0.841875 0.907819
3.490779e-01 1.172970e-03 1.172970e-03 1.000000 0.332664 0.176962
8.815511e-01 1.082009e-03 1.082009e-03 1.000000 0.403573 0.854366
5.976063e-01 9.672790e-04 9.672790e-04 1.000000 0.845959 0.722869
7.978375e-01 9.295924e-04 9.295924e-04 1.000000 0.242675 0.035210
1.512892e-01 