3
980 2
0 980
0.137167200132818 0.068583600066409
1 0 0 0 1 0 0 0 1 
T T T 
0.1403550834586971 0.2256604612575003 0.6645900269329805 0.1378760343095164
0.3435488620168618 0.2694498217484644 0.8361867378782931 0.137167200132818
0.2378953193748791 0.01433737279953127 0.8280404283244568 0.1369528526443571
0.09898161487302527 0.9673044645606038 0.4862478124131955 0.1343678422749179
0.8186918016927701 0.2467366471446735 0.3315863455708002 0.1328740843771297
0.3975520640000796 0.4534635115363232 0.2724308185567947 0.1319151145636895
0.9167103404156262 0.9494545195047362 0.3345825464512576 0.131611582755445
0.921337883624835 0.2018316689273538 0.8456503419036597 0.131062809959513
0.6597393230942489 0.9812033880333734 0.4028773389699492 0.1305700395767881
0.3948070627583653 0.5971281899896705 0.8942591977151488 0.1300992633313725
0.519252849834159 0.9502609329217935 0.4801897838414345 0.1289306499779134
0.4025107806859833 0.9697222686903227 0.03474080054908104 0.1285421928302312
0.06311522043942674 0.7983591509894929 0.8504790078249432 0.1282715250942092
0.2087238355963553 0.7456561073186653 0.7775944547964909 0.1278148606941193
0.4840907037416468 0.5359627924527511 0.7187085806566836 0.1268246159802275
0.5850248088383143 0.1650674540986951 0.9879742439076264 0.1267281850371685
0.7627696300186969 0.6794524082971928 0.6549372521914966 0.1250701067782678
0.111719809493027 0.1107705006125002 0.7316322168206415 0.1250119430914524
0.4224282865461993 0.05464877296533428 0.5112188272664659 0.1247087926844329
0.1914484322740991 0.6739178031812496 0.6707663020722022 0.1223243357924829
0.8848212747901576 0.7236991216018087 0.08546013309823634 0.1208960517716564
0.4100296331148632 0.6991652975529089 0.2321212257159549 0.1197972348423758
0.9036817075920225 0.9281385930379387 0.7393548478165219 0.1192490341482813
0.8596203773909166 0.4491032531254961 0.657353113697286 0.1180649104783381
0.9606829638741819 0.6288310446109503 0.7122395686142288 0.1171296511077198
0.3907426625005456 0.5307751448463024 0.1291261124428116 0.1171201796439652
0.2923916441309271 0.5441812966451655 0.311154642722797 0.1171005374808767
0.4143712164715895 0.8205432686655555 0.4594478580731051 0.1168175377719123
0.2393612079497459 0.1367432775516794 0.2007672061551173 0.1164541259713398
0.7504234394667498 0.2507006066100974 0.6384583626241905 0.1159670130401193
0.900498731867034 0.4789241952913481 0.535067034160579 0.1158987422208408
0.01255469418412128 0.5894385596160423 0.9463745146181576 0.1155784923255663
0.6699914720432857 0.2923728460183849 0.5034545120587688 0.1147458934513491
0.8429739865852643 0.6005585685344109 0.4674647415139611 0.1136479664582602
0.4744902491772051 0.116275814140039 0.0270381082437869 0.1125513108025879
0.9812957541616314 0.08090432680793651 0.408823943031642 0.1124482053380911
0.2420806090178607 0.3253662249963178 0.4906799818062082 0.1120625451327257
0.5512289407777744 0.2741848848218816 0.1096005093360591 0.1116817795764147
0.6624934560954083 0.5428749444741888 0.1817307230227005 0.1115393897857409
0.2200804794748562 0.3757542876375998 0.1490365557423238 0.111245710842476
0.7593729029886499 0.7789496386472036 0.1445005924322055 0.1109157987828343
0.5175751101689378 0.3058385496283928 0.3077712973590007 0.1102142747962821
0.06002078431579591 0.4210447175005167 0.9362376278260147 0.109738286067458
0.8237985060710862 0.02598855420112265 0.472009372743302 0.1095641128413658
0.6887065477898083 0.61851159139237 0.7304405752223039 0.1093300596229456
0.09502733482991765 0.9028680608172192 0.2314941699294721 0.1090575484476693
0.8268264754786933 0.01325989467577418 0.9475391778613326 0.108767937784138
0.8616149439434503 0.3397501504033574 0.05351011136254287 0.1086631160141285
0.8448609021973368 0.5054794185466059 0.1311633991411959 0.108643092449815
0.007537744094611855 0.8288270483858137 0.2437575815406652 0.1085547344993522
0.7055047480635119 0.09263087777529308 0.5731457114313273 0.1083212533827695
0.2445468200519999 0.206017578638003 0.5989760157679896 0.1082194828225602
0.1962077385702045 0.767793491221237 0.3608318471324116 0.1069965833614066
0.6407645903835468 0.1869373597426315 0.3047467119391524 0.1069003431189601
0.02000435663488723 0.2551654329258887 0.4646346757482213 0.1068835614650592
0.7250874506069402 0.753178997881594 0.9647185654020421 0.1067685689957159
0.1229835566806852 0.1237519823915487 0.977662924479361 0.1067306831406973
0.4111079083951357 0.2546496955742826 0.1650261842377251 0.106289020522125
0.1755087689857874 0.8794044907181706 0.8726070134447207 0.1059367329239488
0.2849094619131671 0.4444008916130895 0.5013831239812263 0.1058879771340171
0.006315598893840547 0.7459574262953921 0.6704087910713519 0.105135472517054
0.7353640912594072 0.3240304429164606 0.3895245146199012 0.1051239033465618
0.4672515254756475 0.7369537807882806 0.5843041393865793 0.1050273452697611
0.7348144638920894 0.3611782354816568 0.6913201519823818 0.1049653675706954
0.748573582723681 0.09412299255700408 0.3566337466760149 0.1049147047746387
0.279242404021374 0.07125699166260087 0.9452088993891999 0.1048695722963447
0.04784284468698018 0.7760956427092283 0.9640482376005833 0.1047207622517164
0.08600560044231045 0.3702345422309763 0.137105705047956 0.1044725336210996
0.5048311990152516 0.2263265485123276 0.6522538569370879 0.1041555256362377
0.7609685397637963 0.7182789778175304 0.7821985474665344 0.1041303531553864
0.5576324137098823 0.6727378062130982 0.3440592321819296 0.104076448448917
0.553854565230652 0.4176635268684746 0.8664583032987683 0.1040450464147238
0.5614101583236014 0.01835446091988226 0.5741790970248529 0.103897952675608
0.978800865015525 0.2472036426381038 0.2754254182475528 0.1037644622468512
0.572085920777294 0.1008470095447043 0.6738654908514842 0.1036305268499987
0.7839966889534898 0.2122000790446868 0.9349318962842763 0.1035617474957535
0.9742017701134801 0.5930248492937275 0.2227735236304684 0.1035244973094432
0.1611023337052893 0.409277960984618 0.5699916474846911 0.103502058204038
0.9805700879323553 0.1488602074573654 0.2270065965954548 0.1033570621716598
0.6535874524989186 0.5397516148542425 0.06007342659712594 0.1033269950417541
0.2905406445100538 0.9198476084838161 0.4696582805694131 0.1032053916178438
0.4432110039152858 0.6561418216125011 0.653565715065609 0.1031232632207229
0.4373508898144235 0.3314734854449213 0.9894733748795028 0.1028828533152191
0.8151942084478037 0.3137479984715635 0.5765064096718764 0.1028543117902135
0.5341931724960376 0.6001452969730794 0.2377917917024951 0.1025563102997317
0.9883970819536058 0.3964047909643387 0.3510230361849461 0.1024341347739839
0.827609412580531 0.2379159638072178 0.03433826495183327 0.1023170445979029
0.1130584999634786 0.3376180581362862 0.724436537331595 0.1020978024603877
0.2311814456434651 0.3578787555761316 0.3325383452944328 0.1017483753713992
0.6234727135855477 0.5530773122619618 0.4606316919297456 0.1015609166693022
0.1970742202300518 0.6500756784160552 0.440617907335536 0.1015048506892243
0.5647708955426332 0.7699839988688557 0.7447614038149992 0.1014581290391594
0.6436245761362058 0.139220453247812 0.1023253676310017 0.1013745386040094
0.2342056434342624 0.9816131881205794 0.3679591382317663 0.1010329302401337
0.8010666443779659 0.4296323534415572 0.190662741633588 0.1009755929226392
0.5519278720998056 0.9218848268650859 0.7024733627608243 0.1009149501278611
0.7042945944282027 0.2686602728405068 0.8976137799390838 0.1008850736985679
0.4502412256152161 0.707321325836673 0.4505501330067866 0.1006721882481363
0.6653709861443632 0.4100928831048177 0.5724695669142831 0.1006032181932787
0.8967563774687223 0.8690009883162143 0.00750043683362882 0.100599976282866
0.9983604562701465 0.4574640165809213 0.4776724531326206 0.1005817961578067
0.1229379265700588 0.7829646363448018 0.6384708519435447 0.1004022197476935
0.4881032939776582 0.3215784374640384 0.4847984316771835 0.100353018989666
0.3848882731797415 0.1356394531485313 0.129706007172192 0.1003346481639942
0.8947726846475881 0.1666010401241246 0.611990986080176 0.1001937839782204
0.5559308271773105 0.4998972617172303 0.1246533644054072 0.1001289457699671
0.6451275511975599 0.768993186344535 0.259784717610404 0.09985001434073631
0.9897441180707581 0.2509763876492107 0.007467211849075437 0.09979496543059187
0.7848067782283916 0.6369934861872879 0.2997444168769394 0.09978352339384129
0.4568604617428811 0.8562334791612846 0.6238590990000963 0.09972968225424272
0.7401888244627493 0.1059735021930796 0.9271492354184764 0.09972491473892998
0.4353028072537356 0.5412501174076946 0.9971304140282004 0.09964278634180916
0.6336597909419068 0.8350899039320461 0.1681982546204844 0.09963172570628362
0.4894220581263218 0.1520587886911818 0.3734481513997856 0.09962397054804153
0.4333209861435002 0.3590442073138508 0.6499163111982421 0.09960483691991974
0.6120561266611277 0.6094276872522144 0.9865208827436328 0.09948692037451794
0.5745970062933971 0.4441663228811398 0.9957521608159603 0.09942697681531906
0.6049939394811938 0.2499237477203218 0.2165937846244706 0.09938514981430864
0.9957118320874034 0.3094136267927786 0.6511093909545567 0.09893121878966479
0.7739985287696662 0.1669392798196738 0.825315651094749 0.09881762479147987
0.9122900128922812 0.2921050236395402 0.9561123382288094 0.09853742202483233
0.5786230462188692 0.4637590791671503 0.7144056313598806 0.09851580928874791
0.7060237699235257 0.13304282680296 0.6900640236078501 0.09845135248171966
0.5148744180922131 0.9345423410530322 0.334799549822263 0.09843209171985617
0.6600507072089487 0.80360310850955 0.4435885744115009 0.0984156279003095
0.3123420612506061 0.402773430099744 0.3845486198313655 0.09823064830617514
0.6140550122505238 0.09837545511336816 0.5119477523845332 0.09807122259411709
0.3336961476784025 0.3445336725930468 0.3007767837147213 0.09746740088804068
0.6359800096713553 0.7523214923611329 0.8787375642205082 0.09722482970892837
0.6373466947318153 0.6617771451589912 0.07915816771057303 0.09718465544655966
0.2692664841195974 0.7948343390683908 0.5531439298504568 0.09702834451117257
0.2904273861931037 0.7143393530998349 0.4895289892241497 0.09696064579373166
0.6928703299330708 0.4205899671393801 0.2864700031303638 0.0967956897639108
0.2367455096564113 0.08720539857349507 0.6666010382602823 0.09653360355545169
0.4738867174093869 0.7667892754108104 0.6860915174895018 0.09652203438495945
0.5121245621567069 0.3229787760144165 0.8148500250435432 0.09631131020813627
0.5138725735520284 0.1381640318161393 0.5732777241013682 0.09621608703562314
0.9261044559737037 0.9659410878835131 0.5236282806605256 0.09593931688000076
0.5908874720164925 0.437014738471354 0.5107362242532577 0.095904609368524
0.3891029117971119 0.09813675076467493 0.9657253302645623 0.09574664569449516
0.2129938409390841 0.3878577483377433 0.03328783321530052 0.09564169679074402
0.2059566834396643 0.8889538427943474 0.6990824223472902 0.09558512227569949
0.8115343496093151 0.8465520628605366 0.8004676403835996 0.0955331245753552
0.4028022757082561 0.5215494441977782 0.4811705946526928 0.09540382956007364
0.3530186950910426 0.8807037770962106 0.274277674006228 0.09507137482559846
0.7424067285954965 0.3503964431391862 0.151620991074992 0.09493731229500417
0.8227586373240534 0.8080655539734017 0.6999261881824341 0.09487520746219685
0.5671703538449113 0.04487730612020187 0.7940202263673142 0.09483210912376969
0.6603081024990403 0.8878737414942546 0.331213866267614 0.09471756162252222
0.05514311115032646 0.5459834272731331 0.6371407683570727 0.09452133069224977
0.154936530640047 0.04779642544281093 0.3499277853123743 0.09443621465219963
0.003285392403442661 0.5032043984466995 0.02491323073050356 0.09432395555830229
0.5155771847066462 0.3601965443016129 0.04257789490857548 0.09431022511420158
0.6706598304146733 0.5113992426983339 0.7672879349612768 0.09429503263207165
0.9352887177918418 0.5885739952079521 0.5622055710096489 0.09418576118110361
0.09042970057612926 0.7079325020391568 0.7254511195954557 0.09410852743303721
0.2570177418256906 0.9022306520998481 0.08059525303926596 0.09396620120923414
0.9164074136766437 0.9593651256805923 0.8438839638779503 0.09366387717153551
0.3366519808827507 0.1304841473708008 0.5692641324792032 0.0936144857128955
0.7786459780883894 0.002289133940252822 0.7439226321175025 0.09353483642373732
0.1950321264396122 0.3356215788946941 0.665402896662854 0.09329588855626271
0.5965322065042419 0.06383732707885746 0.3174792247692838 0.09321655710145871
0.46751114819198 0.4425269281851092 0.06757802496289612 0.09313423800372535
0.6334189462898865 0.2694385987684146 0.9976717252340845 0.09308300310583108
0.5266693848884091 0.003909288992709228 0.2364785590845419 0.09307912552671006
0.147156067556587 0.2602386838244848 0.1273513091295559 0.09282937129119324
0.8237439939332596 0.8738498654792038 0.5092555465401166 0.09277877206200735
0.326210782564679 0.1715423930108495 0.3598323967912576 0.09267662010057301
0.7661905861709565 0.9935944238774916 0.3489268103661842 0.09256970062382594
0.906035894555117 0.6315019184056424 0.3563350870658114 0.09245038560726573
0.4306617253909086 0.005499107867163836 0.6251541979947255 0.09244593592630715
0.3669096044809482 0.6595963886139412 0.3452285788122028 0.09234028778697681
0.2739683731114159 0.2409331346536838 0.9229221859390457 0.09233494816982656
0.4866740134331211 0.2530138900718088 0.3897498248758636 0.09231886575150491
0.1992712297187101 0.2341720557699312 0.2330046247299709 0.09218976143683587
0.03743369494266886 0.6921465454002623 0.4108594844754913 0.09214717163337538
0.9091017008346517 0.4574921700997666 0.4059193579557022 0.09209148705452254
0.645247677450096 0.6199547494193282 0.6263708001421326 0.09205430043508316
0.7156427529508371 0.6676121636020009 0.4632271699201473 0.09188527612552876
0.927838291938925 0.2885334896796017 0.108781430974816 0.09186258275264013
0.1306241119048384 0.1566217008892851 0.3037891916212894 0.09185730670236068
0.7331331140270393 0.9007732536446156 0.06965486877642467 0.09171860379019531
0.73733603424737 0.4106129198901796 0.9923329529951239 0.09167766672537657
0.1004099279078183 0.2293571033898597 0.9993863050574026 0.09156839527440856
0.2966649014746864 0.2515764261255602 0.1501006677305218 0.09154398559600731
0.03872171936067761 0.6778219633738969 0.03203277490913568 0.09141983949726354
0.4714253661496775 0.6503374258713539 0.822845056801975 0.09140890599547966
0.4919299251802873 0.5951089098403233 0.4490025599699856 0.09137915669992815
0.8308490829015002 0.5441288577530642 0.379671576699228 0.09136815963127339
0.6071764668385986 0.1791307077059795 0.5658811179850672 0.09136104014173974
0.9079820484813809 0.3576947758976777 0.6026643142847351 0.09126994881583093
0.1919814212672151 0.04395433606959884 0.2412904697915335 0.09113359787788652
0.1018071975410515 0.7701099084216216 0.2952908497518738 0.09110442068417257
0.5662858657596646 0.0007941667608133973 0.02009409895691119 0.09107397215304185
0.209005100578932 0.6854345983601212 0.9959953290121523 0.09089121739938676
0.1452904197806398 0.2490879309153626 0.4367088093574752 0.0907340800946788
0.5227344913069057 0.4240736024592886 0.2874549479668597 0.0905756714525541
0.5635205178076782 0.8260568086414619 0.4828796423077732 0.09054833769809439
0.05794443673822101 0.5381076685575361 0.1643384470864713 0.09047885910827003
0.8229644718877933 0.9802241145984336 0.8344308076526491 0.09031225033980743
0.5804734419571024 0.7305267262415231 0.9701786933788076 0.09029012906875632
0.8500954932002562 0.9444089318503722 0.6381465792889182 0.09028504371908938
0.7417929080932947 0.5422877869490714 0.4037921793675958 0.09025332385054192
0.678068799674474 0.4850548565521351 0.9764942085972346 0.09022707073288644
0.712944089196087 0.6536796782186852 0.2071933494874572 0.09021715430103594
0.09752108537358244 0.2753077249282099 0.213451464808839 0.09015886348047883
0.9529078380290178 0.7325471562934863 0.4427542913933826 0.09009421597283807
0.9472181109722928 0.004422319272286738 0.01242228550158347 0.08995735649992695
0.1822581020375595 0.6305989155449605 0.5387549272517117 0.08989398032970293
0.2799558866080377 0.2214963967487819 0.4291440376218925 0.08987020632001005
0.1299151126869035 0.6043525195609164 0.1738147090594474 0.08971923500177323
0.3923743394737441 0.9547085387657647 0.4766225700988214 0.08968579882771321
0.920020857461918 0.4784167267864544 0.8338654093560254 0.08965903717509099
0.3321918814718677 0.3071413717077975 0.4424224687658072 0.08964181055309429
0.288343188503583 0.08415158306024624 0.4050558985457633 0.08945339834793475
0.9182121965308311 0.6807985424044106 0.7982607921225119 0.08938309338878954
0.2570952394069576 0.4945886330353369 0.6716878825808441 0.0893173016774737
0.3216298344286831 0.9223946202885799 0.8356317847132984 0.08929454473771421
0.6058214915095747 0.5580666394708165 0.7019851205373013 0.089250302195612
0.2057824936462809 0.552957290393933 0.7809827868641817 0.08919213850879654
0.7282478312470897 0.856995964280523 0.2590467927457115 0.08913600896184784
0.6076756171647122 0.2451422709513306 0.639897212264894 0.08906970871556533
0.5961481022155901 0.6402891545294281 0.5108465165364748 0.0890479052788684
0.4056133549670183 0.7913554727530338 0.9747394344020418 0.0889451176487257
0.7397934443549046 0.9776881658972681 0.9921125022675674 0.08890983803541141
0.8547213937039808 0.6917743252420523 0.2340812088171479 0.08872454060692286
0.3067055446683118 0.09449459950167406 0.03540439442724343 0.08871023806098463
0.9979340297135413 0.8429844318650458 0.4429768918553849 0.08857395068991106
0.8540765831293241 0.7650103784193788 0.7796812166222182 0.0885011666228032
0.3473201017039977 0.4352464388724948 0.9710510744483629 0.08846372573588047
0.05233064529846123 0.2231608000034299 0.1076634713770534 0.0883856656184932
0.2367380949542401 0.1149041777010337 0.3072570576700616 0.08837422358174261
0.3696584671723905 0.4919393063886418 0.7206866074104981 0.08832731123106523
0.5025074888448775 0.7468353066821405 0.2417418235873942 0.08828974321040084
0.1056581717543274 0.2073384660184421 0.8826040851018907 0.08825408219586152
0.9679429071224087 0.547320627258134 0.4283208097559091 0.08812313444193821
0.06739489447808526 0.08368592486403524 0.3161681168879464 0.08809554641999515
0.006911509097399612 0.745951176849054 0.1476435993881222 0.08802015611118301
0.9221895915267708 0.8802631630976055 0.2478657789132739 0.08794069752263732
0.1609201570501905 0.2513112905861005 0.551856241170576 0.08791291880008173
0.1976442613980648 0.8931930817337974 0.3911348972226857 0.08774910697393594
0.7882841533733486 0.8662071778247574 0.9791530201585324 0.0877441487580107
0.3095692287356577 0.5025759487753649 0.05719639243560407 0.08768846417915786
0.99513199101556 0.4032786974259239 0.5568330949650288 0.08756864062763096
0.002893428728445419 0.8862643816486662 0.7557996319671592 0.08754016266949619
0.6734124947058994 0.7220122600103969 0.3688403909613198 0.08752153757634108
0.3275271784631422 0.8591150733843151 0.6581092430552766 0.08747780356920552
0.8205633331769393 0.0743121401116535 0.8085074780593013 0.08747532446124291
0.008260373819106995 0.2696133609426119 0.185946905019012 0.08741703364068579
0.6986805413455088 0.4407216720496944 0.08747489378669597 0.08740368459781012
0.9035894759884805 0.4119381813776976 0.1639163058346522 0.08740254039413507
0.6703375380619384 0.03904288648880749 0.9481329874383697 0.08716912284442326
0.1274244238647412 0.4866784338738103 0.630427252297756 0.08715888857821855
0.4755138331652659 0.3192405251206938 0.2122047700842734 0.08708171839702297
0.9649987897030028 0.5311066527404202 0.1076531116297018 0.08707288260197669
0.9246825820693484 0.180135508322445 0.430296268624516 0.0870328990402205
0.6891547438884185 0.1406137846359707 0.4386764329954287 0.08698935573369745
0.2580470523500044 0.6067731496478339 0.979210272334418 0.08683495180443548
0.3952601145742932 0.7920160629280464 0.3466901733387467 0.08675193347112294
0.2924330990118851 0.3119593941394205 0.221400143813054 0.08666281271821011
0.2967520852387715 0.6378276942797436 0.4031459586908759 0.08652474547475311
0.2322911762409714 0.2924652619297664 0.05304237904151844 0.0865240462391739
0.4761924732435817 0.5660525323067341 0.545698813584008 0.08651730815086522
0.8349805048818927 0.6561052842244447 0.8993333218462343 0.08651546471161096
0.2831037932043744 0.1556461791380251 0.8567970970957247 0.08631008015193806
0.9116351732823689 0.4882415451274973 0.2882882568547744 0.08616152437479305
0.9345483994397799 0.823943437245018 0.8092462878528548 0.08608168438502234
0.7710666182265949 0.4234307462335725 0.6133156950491432 0.08605625763668771
0.4775274295293843 0.8836354171427924 0.1521482178144516 0.08599974668851398
0.7362438687526336 0.7006541019323999 0.06252811087196196 0.08599866605170978
0.380017612036411 0.7630960361994567 0.8309261359673111 0.08596904388989995
0.7454784449373058 0.1641637606828286 0.0961033052428415 0.08590751115893019
0.6098141618293884 0.6613658437623502 0.826954364638857 0.08584807613469798
0.05706306417640802 0.9588567499084334 0.63336755125283 0.08583733333352661
0.3173145699919377 0.5551738683285892 0.438061980330548 0.08580980887845441
0.8786703002343406 0.2652745398408484 0.759577261011352 0.08580574059872084
0.2145185884968323 0.2879105339060823 0.7513112173904853 0.08580052811531225
0.5128845156669122 0.05859433093772367 0.4522005072882554 0.08579201015462015
0.09424744424874019 0.5251844143712805 0.4355219153592297 0.08558497285630551
0.7777467129382591 0.1955191522882206 0.4328492197408918 0.08553634420011552
0.680711384754502 0.4117522217347867 0.4073604410310322 0.08552210522104815
0.4427291383391332 0.7451754893377508 0.07656693359890013 0.08541022752837582
0.8999029787143052 0.8648528739835513 0.6018654250295677 0.08540628638238394
0.3375230238733653 0.8475852569044553 0.07941944888707947 0.08537621925247828
0.8153239457928138 0.08308765632828073 0.2513954770706197 0.08534182957535569
0.7693652699735654 0.02680962419087793 0.6243429878511999 0.08531767416443779
0.1744389792451217 0.1747813401160459 0.8216009266020738 0.0852008382558402
0.7224350775659695 0.9006125095145809 0.9011112641098219 0.08519778704604007
0.1702938803183738 0.958832026504893 0.2586321010605172 0.08515875698734643
0.1972131825624248 0.608481576026179 0.3426074738250072 0.08508940553126373
0.03026345885466598 0.87172070033792 0.9456645017515777 0.08505393521733695
0.7641705497404245 0.6289607513844045 0.5358289612521997 0.08504039547384874
0.5488048942127421 0.946041246916093 0.8306511152775818 0.08492432236770121
0.5323529110855058 0.262345967045177 0.9167356821818659 0.08473660939812086
0.6996670469145626 0.8457213580493097 0.9697383448619499 0.08464767934582056
0.233045189300286 0.2504966365790476 0.8326729182736132 0.0845601477646786
0.4939667722388461 0.4523060049155077 0.4768504954870086 0.08452493171823515
0.1626274620719602 0.5828570122131734 0.04716095992189878 0.08451056560542608
0.5437260987442497 0.7280851710216113 0.4783976997338097 0.08450910356739684
0.1233498890542243 0.1336689145486605 0.1492520381684448 0.08443676446838486
0.4968683778395969 0.2080646172790174 0.8314414719374538 0.08431083849725764
0.293915365470622 0.1233732851684823 0.7491433480024166 0.08429577314886941
0.0803757980978574 0.9877711596751778 0.7599132078316834 0.08420614386098983
0.8678209061524752 0.1669152692663271 0.0817072071612648 0.08415656170173733
0.1063791616953065 0.4531971845600128 0.3134504031077635 0.08400482758105048
0.2897893055692427 0.877877362829054 0.1642392965813746 0.08396369981561923
0.1252488906156716 0.8898754882296785 0.7793307416642675 0.08396033077146489
0.6527954151561991 0.8552033804636957 0.04222393355148396 0.08391271918520832
0.02905442617780304 0.4594378978503646 0.2398635982746197 0.083837392443267
0.996112068750472 0.34051982344269 0.9559968104883705 0.08378278850121838
0.6526785714123956 0.9384030931076593 0.9917085702973353 0.08373632111863688
0.6533952956367864 0.2776534331824764 0.8153326012191721 0.08373307920822422
0.5022278178260327 0.2343057105799321 0.19452335415515 0.08369176074218043
0.0692834126387941 0.1810799963804605 0.3615728814720328 0.08364020800993201
0.07252785043340618 0.04598795580605296 0.2008037532702085 0.08358248929121243
0.3896411415706247 0.3471326835392018 0.1167517237990609 0.08351040445968376
0.1439321501474084 0.8112715137977936 0.9832898416338101 0.08349902598980403
0.7600452591862407 0.9852095244558114 0.1541537266415304 0.08349489414319965
0.9389052868930516 0.6300953683801513 0.1107245545015721 0.08342153797425426
0.2766641480532315 0.5922737824823142 0.10844028548064 0.08341270217920801
0.1645780019470641 0.5615992752001372 0.2559416167548508 0.08330794397606933
0.3820484249670518 0.6678929257774741 0.07361688260724826 0.08329491276754786
0.5043474449679658 0.5188265991345092 0.312858253551065 0.08322619698017356
0.5253124506155061 0.651755449001863 0.7219749401471324 0.08313688552664819
0.3342148617083995 0.434245678038924 0.6607998666362918 0.08308342578827466
0.6032583689143637 0.4853152148429032 0.3193779314803005 0.08302519853458834
0.200814864700078 0.5390076751157563 0.545888974740065 0.08301045102055428
0.5009146374236468 0.8981126781999909 0.9250374341944697 0.08269795628352179
0.7236492620946281 0.62075006940031 0.09266415392434846 0.08268829411915463
0.8394597226166125 0.224999228193435 0.6816639682793822 0.0826414453353481
0.5411702593022716 0.6496336151882195 0.5871293927504377 0.08263928406173966
0.3936814168688649 0.8404783573005338 0.8828061728299025 0.08260940763244648
0.8772510565040459 0.3920435408939312 0.4691798038879471 0.08254692139841413
0.9839382205112828 0.02733730742931616 0.6439259912760855 0.08254628572970577
0.6835713847709323 0.2788317368359149 0.1421040509930152 0.0825333180880551
0.3614128291960799 0.4111632088105589 0.7696405775925113 0.08251253172129155
0.7495504697167317 0.3683673756531713 0.5184012656506172 0.08229443378745135
0.496856675795851 0.7929334441511267 0.8800851097604441 0.08224256322084872
0.2035999861458411 0.04543928524027359 0.02859810319566473 0.08222285749088938
0.6142881832692434 0.6911613249864813 0.734222985885569 0.08221065265168878
0.8413581963921933 0.4375167573334012 0.7802280110287043 0.08216202399549881
0.40079066131644 0.9659659313872174 0.2526902306667566 0.08208332820940314
0.1940787061635288 0.114981654061911 0.5183846770246106 0.08202071484162914
0.1650454548685896 0.4769166397124644 0.5011064005471211 0.08201391318644964
0.05919199530441637 0.598261800489633 0.748642275936975 0.08191875358080732
0.04473356937819216 0.9253368020060119 0.04576347052835702 0.08189574237356451
0.0001573925797797219 0.7926454812724266 0.7629622556032838 0.08184940212472464
0.04644966218105932 0.7189835510293036 0.2298084341645407 0.08179740442438034
0.179202705787448 0.3513230436844306 0.2394871552351485 0.08172341258672659
0.5900726965307601 0.6112139250632104 0.1512901370151941 0.08170116418193384
0.1308043409166577 0.9813616665941997 0.1758470257020291 0.08166340546065691
0.8844730254845765 0.09236298550238738 0.5494885049534175 0.08164713234172272
0.4971824600069591 0.4149458444584184 0.5657123376126773 0.08159329120212416
0.7394031563669738 0.8463266950294654 0.5083487223626564 0.0815751110770649
0.1423739499413441 0.1300389523173878 0.8856364532329927 0.08155782088819738
0.08639509671417167 0.8669974591691778 0.6983444505054982 0.08148929580143557
0.826682811963822 0.7713996723815935 0.9636238522014775 0.08147105210950545
0.9937770319476178 0.8655474581860356 0.07342758402252635 0.08141377835888174
0.9180963632052147 0.3112076705166116 0.8255462984451603 0.08140284485709785
0.8658334638613464 0.3441510025689352 0.7108043420108098 0.08134461760341156
0.6124072228086009 0.4356996444919793 0.1739222178590537 0.08124507188368155
0.808392364204808 0.866696295746486 0.2083590258247107 0.08116485049268579
0.8067316574365783 0.5754223362400837 0.9325810906668122 0.08087721040215042
0.1046781903393353 0.3559787049805364 0.876409724540346 0.0808426300244153
0.6208542118706037 0.09224178211427174 0.2201937256660849 0.08059293935576936
0.1791587364659926 0.7497815373966352 0.233903515240687 0.08051882038437393
0.3012351362164227 0.3198866388983088 0.655536141893433 0.08047426000791749
0.8055874132014071 0.3466531887501636 0.7655223467032942 0.08041596918736038
0.1403342891414106 0.9477731110745675 0.6143922935111615 0.0804090403984392
0.02043495443873688 0.5228074048496631 0.5488739318210052 0.08040522638618898
0.09098908841976591 0.3924872825357877 0.2540734698009477 0.0803860927580672
0.1616668299085456 0.5870944301556577 0.8527365056968269 0.08035532639258232
0.1284382050522493 0.05413832933198548 0.8311736375138804 0.08022011965831295
0.6608577627111696 0.7427437433173274 0.7912786939538078 0.08021764055035031
0.557649426469393 0.7733400971197308 0.5518677455782652 0.08017981826220259
0.04886948464860692 0.4917916127491678 0.7262283286499792 0.08016322730891423
0.5626682512399864 0.7457320733568336 0.06562965293336971 0.08016182883775581
0.9116719404526127 0.2148022114302135 0.5238173249091371 0.08014345801208407
0.5999932223748826 0.8560794561386857 0.6495522608933855 0.08010118604297778
0.8121105133286259 0.5153726593309549 0.7192454994833174 0.08003164388628256
0.9717111039520723 0.9233332812610833 0.9969290844892384 0.080006598539173
0.4792554305171199 0.3064307831657163 0.5876426129184962 0.07994449370636564
0.5485355347520553 0.2440317601750996 0.5632050602286186 0.07994214173214471
0.3468441967796702 0.6528858362517957 0.637782952743113 0.07992675854940226
0.8678063937741999 0.1668694699953767 0.2677953164495979 0.07978309742131164
0.5864361372972453 0.3886071052342375 0.2346088716240921 0.0797609125833897
0.3465844250160292 0.8688255196243604 0.5399521314385006 0.07974483016506805
0.3204098861436135 0.6698381986877131 0.1777844351220041 0.07970656290882444
0.6063717886514179 0.9530979122745867 0.2122416083671186 0.07964865348949235
0.4213835949781822 0.1831755647097884 0.8649446366064811 0.07964483947724214
0.3862840816589734 0.7080473150859489 0.7434955577678818 0.07962716788714957
0.06197251654473376 0.1268934085632914 0.6212225759652715 0.07955304891575415
0.8391494309802121 0.4985922068279428 0.4596352893334442 0.07929541238825363
0.9854024896491813 0.03710187307074894 0.831341206629279 0.07920730870527415
0.9955840655506382 0.5436543094951998 0.3233945497809151 0.0790605963673834
0.2369042317367079 0.8098276233006353 0.951727177616611 0.07905900719561249
0.4706128573019384 0.9839502440375214 0.1720950353435696 0.07905830796003328
0.4068414134887549 0.6213661342961588 0.471146029572835 0.07901832439827708
0.1368878375816077 0.9725132804993635 0.9986833919286847 0.07897910363897093
0.6132954013215104 0.4713694476326985 0.4231661531166737 0.07891585460248855
0.008731273866191247 0.3041041409043881 0.08535054529184785 0.07890765447615065
0.4805768388874938 0.5212811467851408 0.2280283526314353 0.07890256912648373
0.9598371905667341 0.4820133343730174 0.6171985089368286 0.07883398047285106
0.1689125875968269 0.04797032973972003 0.468658083238909 0.07882813232073413
0.08009822834791255 0.3043228811996995 0.9373537466618488 0.07879132710251975
0.6118953781505952 0.3912064630502503 0.09564201557516933 0.07877130353820624
0.9839241018486831 0.07096181648569269 0.1561056224087783 0.07874384265000485
0.9932289211412976 0.6426646346632495 0.3503993229735724 0.07862783311072814
0.2224668311017129 0.4991942703463625 0.9860765968656117 0.07859496903850563
0.4038281499690968 0.6364047611555709 0.9919553928770474 0.07847539975446208
0.4483597037348073 0.6125625390926004 0.1760609377084109 0.078447430331294
0.3579193459521652 0.1792115842973056 0.7727258116649515 0.07840414129225431
0.5266863637727139 0.8568301837212698 0.7773312500848341 0.07836803530961914
0.2649870218150802 0.9323772485033265 0.9968464908186364 0.0783082824510328
0.2870404176874047 0.9522030437522362 0.61175683510462 0.07827344780581434
0.8671545680482083 0.3570376450217415 0.8971370054949576 0.07827236716901015
0.7542199410259678 0.8051874615042998 0.04951567217283792 0.07825698398626768
0.7210048362891838 0.4986666835996512 0.5943265922792061 0.07815578552789591
0.9878531925622061 0.2421876425679707 0.5753917052656977 0.07810016451591392
0.1486219831235241 0.5358185781791135 0.334935357936933 0.07801206083293445
0.5732077997707203 0.1519194666966263 0.1668429949474014 0.07798542631405395
0.008079496792418716 0.9356220648891393 0.5324216880103517 0.077851618050943
0.06956434538979575 0.6678720806925071 0.3124419011837514 0.07782472926457915
0.1999461103566181 0.9786916185650162 0.6636291558852805 0.0778144314315036
0.6923436296447388 0.2386661178016271 0.3865830921346823 0.07777902468444764
0.1311812785703308 0.9178681382539258 0.09202760319353798 0.07777679984396839
0.03185704636677308 0.6763738640835077 0.5846922751118981 0.07772817118777842
0.9662631537991239 0.7802005255786283 0.06108413579265726 0.07770674915230649
0.70721799801318 0.6467150873688995 0.9671163101235366 0.07767572851933824
0.7359727391553281 0.7851775109263021 0.6677606082137293 0.07766447718320019
0.09169703816026684 0.6270197051731152 0.6733826314729517 0.07753543643540199
0.06472323803333439 0.8769042003814265 0.5439979258592997 0.07749583427487081
0.3656177862541399 0.7060098973088087 0.9898149098886808 0.07742947046171744
0.1158873040781032 0.9613167108495222 0.8486300006012244 0.0773592926363139
0.05998705070086883 0.08348070265597379 0.4794719387783882 0.07732757276776644
0.5029697980573705 0.5280855738398381 0.9074263319834536 0.07730615073229452
0.1560377620043955 0.8262776832163671 0.7376409087299509 0.07727557506742215
0.6129119802284263 0.3738374134496782 0.7788672216316488 0.07726254385890068
0.3781667858315468 0.5969278265467785 0.2716867048681669 0.07718378450593417
0.03114566396726383 0.8528901855844229 0.1532193645307856 0.07715943839440377
0.985217141478949 0.1243150540077819 0.5247325922323597 0.07707642006109124
0.7619441840440394 0.2909039827205023 0.08162139031411053 0.07694025982375934
0.4250026555912746 0.5570987347573643 0.3915434214548382 0.07691330747052463
0.1897328299512969 0.8679379881395642 0.2305988474499833 0.07680867640112768
0.9522581674727323 0.4939702412288999 0.950456270758981 0.07665287400070729
0.9709118599356494 0.3871714134367297 0.1236768081364817 0.07656566025391953
0.487960737337654 0.6497382294253978 0.06252428537215944 0.07646764013908958
0.7118480026579366 0.8071532406044702 0.7814106705967658 0.07645772370723905
0.8436487088779819 0.7700592101244769 0.4496102752581386 0.07638099849413935
0.7422588753517126 0.05556119726392018 0.2075098816028983 0.07635506321083801
0.4778695189563458 0.6892389606048889 0.1382388709944731 0.07635112206484616
0.06748316068107907 0.0736165361785021 0.116176400043898 0.07633980716183728
0.3447598814545763 0.8740517549519342 0.3949583691786415 0.07619500183007161
0.5841767034646739 0.9064531989970559 0.2804853877297228 0.07614389406591898
0.5489508762445134 0.8543053814433254 0.2253000500052128 0.07606812235588184
0.1007397903901535 0.6434516906489977 0.4959208349782349 0.07606589751540255
0.9882619405891618 0.1695591037331922 0.3433752483153417 0.07602623178800055
0.1949079329439423 0.1838748885429045 0.9164638189353816 0.07591734173825751
0.2448163926882645 0.8809881443150228 0.2882222700784866 0.07582841168595719
0.5650515871015459 0.5212052246958953 0.5388947084152146 0.07577151933655848
0.5572108143392018 0.07238674313316132 0.1679455723214238 0.07572638685826454
0.604492069353005 0.696291726332955 0.1995721396049193 0.07571284711477633
0.3593536675708655 0.7895116402298228 0.2694006963986647 0.0755827257301739
0.9828137084898803 0.03971528970110631 0.2632149283311352 0.07557973808724461
0.2742280776697963 0.3791002962926173 0.8294985015303487 0.07554325070338441
0.3307000167399598 0.4866386959983771 0.5714755705126274 0.07551750612069562
0.954926732124779 0.4828007003337489 0.2131923815003512 0.07548057376873957
0.6861187325445582 0.6157940397746011 0.380247264435211 0.07545438421795492
0.1511020464666548 0.7428057688955222 0.8728079544375288 0.07543359785119137
0.4112122665301182 0.5299189879932945 0.6257978009534862 0.07525669124965323
0.2128279081122425 0.2361032727864198 0.3709404285127955 0.0752512244987613
0.6091079755758835 0.1877908017163082 0.8127547229086948 0.07511347508965847
0.4385531925715335 0.06533388275445477 0.2833991988188876 0.07510610133264145
0.9042692874274022 0.3594505456535026 0.3612654638648315 0.07508753980635717
0.8490453718863266 0.2646374605333849 0.4578389000741772 0.07494890046106266
0.3067706091609277 0.1541205830748923 0.4784658934843166 0.07494527714942495
0.01820466145714907 0.8432034163759546 0.6510956473898958 0.07488921116934712
0.2825513257536592 0.6270878086892285 0.8351801357793311 0.07486842480258354
0.9932902237253003 0.2048835043399752 0.6861669257741134 0.07485901690569977
0.9121735620715081 0.2173895697044168 0.2082747649756866 0.07476856124849937
0.4026345084353124 0.2987207509205879 0.3623145718192906 0.07475966188658223
0.3163613571601561 0.7768062016317058 0.005553426856026568 0.07473086609409327
0.7498670559201692 0.2485316839124251 0.2299464744495624 0.07457271171945193
0.7765705792608351 0.9153233374474323 0.4071232423493378 0.07455643860051775
0.7322517098463867 0.9007121159836723 0.7138406348820441 0.07450336026336925
0.5556969095414255 0.007531978521647962 0.4033517221299309 0.07447717071258458
0.1516920229019423 0.7901401750471798 0.4971468441207542 0.07445835491881697
0.8604730111482124 0.7389253678046307 0.5816711674543383 0.07444627721335802
0.4346464857349303 0.1506733241558302 0.4461794934104049 0.07444551441090798
0.03953439614156277 0.3284003863080157 0.5429751822658315 0.07441366740861889
0.6465696340838837 0.9075483579208192 0.494871904572166 0.07434711289485302
0.105097814874995 0.1455860558593212 0.4338232687462131 0.07431685506433479
0.7617744852669445 0.9450561356121032 0.6220317091401703 0.07428125761666633
0.6765855420062166 0.09259073810416102 0.293300321748726 0.07425792857506933
0.9707600515653049 0.8298475820355607 0.5310958026013634 0.0742511269198898
0.2827580922198966 0.4475064511059907 0.7833762365172519 0.07424210042423102
0.1988854115051427 0.9357358454073673 0.164227815910136 0.07406144337731353
0.03355668742816341 0.6637809751273788 0.868788002473951 0.07401103484874015
0.3089487994612868 0.331212249570892 0.1104000953793842 0.07400588593220238
0.3328380826182287 0.2560313457903598 0.3627087419299638 0.07394981995212455
0.7616016279348853 0.5391265600898659 0.07213384489799482 0.07390862861982246
0.3467797822877514 0.2012059325480383 0.9785227878141191 0.07389966569103452
0.1723615629156273 0.4792560906384779 0.2289716353184069 0.07388580811319213
0.1655388175316808 0.04637676332316819 0.5486950944230595 0.07387010709609551
0.6903792445080977 0.3565751894700718 0.9121094117653072 0.07384569741769427
0.9872302959213168 0.007307015192709855 0.933337660670304 0.07383616238706878
0.06161718963460036 0.02506249069358083 0.8808272161196737 0.07379567029034591
0.4876689258970431 0.1452658519534684 0.6849682849043246 0.0737763459616116
0.7170823622709129 0.873476215410309 0.1477106984244694 0.07372816227351747
0.2968016150292672 0.9354269005623443 0.239883642158962 0.07370635883682054
0.9635852476314926 0.3785859131744791 0.2629303674209535 0.07370006571660773
0.7843661123963382 0.8749911873598295 0.642327370025604 0.07360916509131145
0.3317357663406024 0.04388569763726267 0.7787873662710426 0.07360331693919449
0.2129198821235545 0.17687156198724 0.4598605774192041 0.07355360764620029
0.3661347580029937 0.9469465997447225 0.1746857257130946 0.07351502255560252
0.1456821568322556 0.9776166412091415 0.9227917624813818 0.07345425262708279
0.2400045345763569 0.6801060671067745 0.8730960469729246 0.07344637033509904
0.18910949215963 0.8252528573500924 0.5799244133706983 0.07340085645558007
0.2093357782313787 0.6762890895802669 0.2319043141285514 0.07335337200306516
0.9745739164911333 0.403559029874022 0.8398766441783377 0.07333741671848519
0.7138029449569071 0.808489618505406 0.3372264591235021 0.07333366627310585
0.7695056220897379 0.4144454452772038 0.3618938214677665 0.07331179926953807
0.4652988117167315 0.7586718715436301 0.3195388587060742 0.07325611469068524
0.9979942957355955 0.6702494271823578 0.4862108364051658 0.07324537188951387
0.408691399696104 0.1879106246529842 0.03517611497246841 0.07323126004418815
0.06563402650354229 0.2146808266647026 0.5718029274038862 0.07309916808658981
0.6075687454846523 0.2203370992334029 0.7208066006350055 0.07301011090054778
0.1987539167453407 0.3652967583818808 0.858987521792103 0.07297584835716689
0.9716229626748896 0.3698592848501648 0.4522205698717082 0.07293306785309388
0.4556010689729526 0.1246431926921626 0.9179495771781156 0.07289518199807529
0.3141287185143107 0.9150602602035411 0.7517063849924066 0.0728604109197277
0.8663471216903664 0.5777133834244647 0.657801345962981 0.07283962455296414
0.9827413066348621 0.8848204235812478 0.8760639975897244 0.0728323779296888
0.8530997829533961 0.9649068331345725 0.163921305383599 0.07279423780718683
0.744316837754285 0.1540170809299028 0.2721884117270869 0.0727807616305695
0.06945076127293273 0.8413640205646814 0.03577933995677551 0.07277879105757357
0.1242500517204923 0.3365210434064708 0.06403350638033915 0.07258421286594287
0.8178927658701931 0.2432032641017214 0.8415101157648718 0.07255351006732882
0.6570829481052796 0.7280875299020124 0.48711197462078 0.07245892256352403
0.6995220642292698 0.01140609992749185 0.2968743974157789 0.07241995607170122
0.376776834278092 0.7877333164616375 0.5736481043444791 0.07238302371974518
0.9629013619552709 0.14462984536504 0.05276927652299402 0.07232466933231725
0.2136100617652852 0.7975848345351734 0.1457027145349455 0.07221933902734108
0.546354940280688 0.5548840487080392 0.9641136424621942 0.07204313166138215
0.7613865346843511 0.3141121713682515 0.9836044217296344 0.07203524936939842
0.2505793101755598 0.5802442537496564 0.6454760811940388 0.07203353306388582
0.6170006926280335 0.6749872668783005 0.4193508496800808 0.07193672071960176
0.681485221709858 0.9844926029268789 0.5077499151759886 0.07191561651848402
0.599913315363361 0.334295400722621 0.5654238572166276 0.07182636863182949
0.3026933573452197 0.2541221941027168 0.03754425190947912 0.07182236391896679
0.09079031215925459 0.4127029099395304 0.3989626213498136 0.0718079342392869
0.6946067271225993 0.1726860039301123 0.6151799346694323 0.07176489946773056
0.7074604274009968 0.8444267926685924 0.6105048797152222 0.0717644544996347
0.8147955824976703 0.980405919053416 0.249537058922127 0.07174411310096702
0.3195638783349747 0.3825725407029243 0.5651568741181717 0.07168633081537658
0.9762936252177974 0.7437288577474184 0.3530690637365896 0.07165778929037094
0.6631975758835691 0.4226445971093905 0.8292942248428777 0.07164806355913296
0.6962288089417475 0.5051807546212308 0.3185177621012599 0.07150370319546316
0.4725441470917587 0.7172672159023415 0.87653936157972 0.07148507810230804
0.1360046129056685 0.6108554654915875 0.750726976999756 0.07141750651860879
0.03592121691578562 0.4106837793515505 0.05962945139071306 0.07137421747956908
0.8656258840707425 0.494241663940606 0.9354397050078909 0.07134434105027591
0.536260390809057 0.7787711088192196 0.6296822057197021 0.0713242539190916
0.1504003272976312 0.4752233484145095 0.0536657274012132 0.07130829863451159
0.6756597016445473 0.7533569567103851 0.6980570873557744 0.07129533099286094
0.5527141127645278 0.4264347261330624 0.4224254024437725 0.0712876394014897
0.5313909331458641 0.07265182108528291 0.9674290455535303 0.07125382182620467
0.4310006322424731 0.3949766571958572 0.4565389019626759 0.07123437036372868
0.09596959463083127 0.8288755983624811 0.420017933515299 0.07109776515830092
0.69593570303486 0.3440780045891403 0.7896148269544015 0.07106668095846184
0.6018469147847711 0.3367832689742655 0.4296633217437459 0.07100966147532148
0.2935270360602387 0.04273687544411135 0.3341748895661759 0.07095880797865223
0.02982722078045816 0.9388324587168616 0.8268178211377534 0.07092499040336717
0.898809062456398 0.2999371929210556 0.2529911601421703 0.07091450186967913
0.1682415955874792 0.4983228042190386 0.4122534366436191 0.07091392976784162
0.8142893397674439 0.7224231820521041 0.5263379843220556 0.07087922225636487
0.2983141033203082 0.7517714912933102 0.3426599954152991 0.07083504328113345
0.3265476842410405 0.2434304024203158 0.5113288861254326 0.07081190494014895
0.911159047259253 0.9036163122355989 0.09101259976287185 0.07077109500907189
0.4431970076498501 0.4108126103915175 0.9340834266449995 0.07073142928166987
0.8836467665854945 0.9149504786913826 0.4322831221665645 0.07068966584753025
0.6137588363576465 0.7000663035635183 0.5805071985619771 0.07063563400731918
0.5612710265126171 0.8263788947726312 0.9188793838180604 0.0706295315877189
0.577310447360831 0.8757773384002253 0.5758649203598297 0.07057867809104962
0.4306961188124993 0.03766142913779286 0.8225652313397073 0.07057556331437867
0.2388989663522331 0.2185717770788459 0.0233667920273048 0.07041442129680799
0.7222585020380425 0.5657160882974113 0.2743145901568915 0.0702539785148165
0.8691756248318935 0.004773677692022471 0.5840019155410876 0.07023783252962405
0.4720538730943049 0.9305178155361425 0.2450793857885342 0.07021736399721468
0.9125884078794803 0.2550912104723213 0.590043723510653 0.07018519916057135
0.6512473749142381 0.06871753400863204 0.03139830189823709 0.07017877890661686
0.2860827511170861 0.7674768996132654 0.6474942128056546 0.07016987954469978
0.3824000671438641 0.09003997988335362 0.7408790672708201 0.0701607259152993
0.4704470235593021 0.3864538547902471 0.1441620695725558 0.07015850107482004
0.6022131444301093 0.4886403307087925 0.6290164150274257 0.07001973459578383
0.5653876660457007 0.5627932756635031 0.06742225442525084 0.06995432428569301
0.7550313013495229 0.5477168102470027 0.6708535326935695 0.06988961321118141
0.6279425841814439 0.3408660581487927 0.6532342167183129 0.06981835474897362
0.9196061090124138 0.773866479301006 0.5312788587616414 0.06979699628037253
0.9310722747784358 0.6614943016805417 0.6226713046323649 0.06974633348431582
0.3304694124531454 0.6906325456721241 0.7951152948356519 0.06971690202311848
0.6405260178737425 0.6815881431563054 0.3089421350730678 0.06963909617321457
0.3185808371584871 0.4842367383228174 0.8343252077892723 0.06956364229753158
0.7736297242662071 0.1474088408543881 0.5350701536758017 0.06937898053775138
0.7839154634571058 0.5068575544457251 0.9011963689816094 0.069305624368806
0.1482050712171455 0.3607397841467495 0.9415275752817391 0.06913437521877232
0.1895602579595031 0.6231099517620108 0.9129260894769867 0.06909610796252874
0.1896598466793901 0.5534744930407299 0.7003757281385685 0.06905453522900161
0.4172054130616628 0.1300096252400131 0.8101019571031852 0.06903521090026732
0.2486891918013006 0.9787407200736284 0.7253778963036148 0.06900399956668656
0.1356917327600225 0.546884412685806 0.9753016534174944 0.06894787001973787
0.3322727654631862 0.2962263318663861 0.948015421157136 0.06888862569611821
0.5702772264694369 0.09657414814440574 0.8943225014389771 0.06886860213180471
0.02939742391018222 0.0473067503116063 0.05661705574367954 0.06881654086458953
0.07447467613282187 0.5462890731354033 0.2872743391260688 0.06875748724158239
0.1401010769826663 0.8256002573684112 0.1455547102303225 0.06865946712675244
0.6921883928182236 0.2113054957956708 0.5448919577506163 0.06862545885085487
0.5486686291866393 0.1679539452266582 0.8969026018270149 0.06855680663035139
0.6918683240370666 0.9928491459088145 0.6727640022527569 0.06849730803924839
0.4886536154780077 0.7421097973382644 0.7807793850381435 0.06848592956936865
0.6693524914613002 0.4377667665375095 0.691651192480083 0.06847995428351
0.05012558890285776 0.6056734350846699 0.8252369460252402 0.06839979645938511
0.7823456896489882 0.7930190383606821 0.902703653172155 0.06830819659850965
0.7746074127593101 0.4793479744106691 0.7986861823237571 0.06830152207707181
0.7290927700098084 0.05035364347059854 0.8647428878450273 0.06821755024069673
0.1831694831430689 0.4628960609142472 0.3051535215364161 0.06818087215622404
0.3337012658703259 0.5320338018928846 0.9851910130880122 0.06814349483617213
0.7865228019862504 0.2953608426989916 0.4765592414797209 0.06809486617998217
0.8269175271057676 0.3847067061928502 0.9684095453556014 0.06808132643649398
0.2461622892609226 0.5042912797638953 0.4266037416388206 0.06808069076778563
0.05038508043545024 0.4817967340031056 0.3867317043729961 0.06800574542706933
0.4607778960673439 0.9591036422047484 0.8863165170743849 0.0679758054309053
0.4393214841514398 0.009488295382058731 0.7224963255241408 0.06792336276246515
0.9824358407236949 0.7933118342552948 0.5949736817439231 0.06785096009658233
0.3253705941735217 0.7247131413865586 0.264216465658349 0.0677962925876629
0.8362432788221039 0.1342676498136963 0.4565465286458273 0.0677321536149888
0.2872001796249209 0.2028390529691546 0.7306159198242058 0.0677312636787971
0.5307802823253374 0.8715174563987489 0.4048036563195421 0.0677295473732845
0.9160453657072182 0.9804882551541297 0.2054131414086421 0.06768918241030329
0.05548654261310219 0.4050703817287498 0.6815934729900955 0.06763273502900043
0.9030394576068953 0.1419227175301639 0.4959324240753322 0.06757565197898921
0.7985358799135082 0.8291727855206511 0.3393872372080984 0.06746466422250859
0.9387217606079339 0.008667936365955951 0.4476302623235516 0.06745754473297488
0.4282872615743667 0.005820203094748847 0.3649393905795281 0.06741628983380196
0.1623563354374433 0.4285984527757907 0.8875921157432888 0.06732697838027663
0.1371996419300814 0.5900268060099807 0.3890108851108783 0.06731865112019703
0.2956783971708047 0.1587803392672424 0.9423718277261721 0.06726608131801519
0.7416008274717218 0.9746207111437196 0.8640506738770539 0.06725565635119801
0.255525492987131 0.5095161647042471 0.8251166821425768 0.06719463215519492
0.3759600364768224 0.8991988746209593 0.9285229404782714 0.06703774911797029
0.9642340898977532 0.5342976961753153 0.692868929487601 0.06694589498961148
0.9557111645356601 0.08046256297301946 0.9517805168055825 0.06684679423797728
0.1282443826643771 0.2844508176375547 0.8070196954036468 0.06683122035462234
0.6506887374361346 0.696027462145332 0.9807038648028891 0.06682441869944281
0.7077599236095815 0.9023004861763478 0.4547312246394791 0.06681958761725926
0.2822773417503613 0.5480460395040994 0.1723561785283526 0.06679130035973697
0.9226674456965697 0.7874995225914014 0.3613071495726146 0.06676205959915217
0.3640449569171472 0.05147178065604502 0.2135186462136611 0.06675843628751449
0.549907940080853 0.7940065544751299 0.3604536370587429 0.06673923909252184
0.9179843151664789 0.04246953939637162 0.9058185390848945 0.06670078113566573
0.3935650250270358 0.2056986741260136 0.5495865692687429 0.06668342737992736
0.8756411622501178 0.5087207419884581 0.2164438178886323 0.06666467515303055
0.7774917837122212 0.5338043959466912 0.003510282799569568 0.06666359451622636
0.8452260216928278 0.8186430221331238 0.1636684333836353 0.06664935553715895
0.6226527413242202 0.8892293435084704 0.85573580299553 0.06664535082429625
0.4224713146186367 0.899943278754748 0.8208177441382962 0.06660358739015663
0.2471634365672941 0.7115862720140461 0.0674786434166587 0.06655940841492525
0.3221881546095228 0.8117734052237424 0.8041418419561023 0.06655546726893337
0.8197726583697507 0.6412420695622698 0.06923086579296436 0.0665076649820643
0.3301312324161289 0.6238728125452977 0.01541019401131877 0.06650677504587257
0.9856137005231732 0.4352009981223152 0.7455864832594352 0.06647461020922926
0.8211039303704913 0.6091455922754082 0.7039381916040449 0.06641345887948452
0.4094119845395691 0.2804386635205483 0.6330475215579561 0.06625161762633466
0.3949018808370241 0.8937454276948021 0.1199211246537323 0.06624958348646789
0.935475411903681 0.6770872424281382 0.9945359544975281 0.0662294327884127
0.07326522595659435 0.8292052892751037 0.4887859387637703 0.06613153980732439
0.4290785900258077 0.3222823932605302 0.7719968994785947 0.06609403535353084
0.3140020668401876 0.7671300930736079 0.7400104141579614 0.0660892678382181
0.8275016345450678 0.4635926308614341 0.3582662281190995 0.06606873573893789
0.0149270522988196 0.3303323356431584 0.8311155617612889 0.06592812582064743
0.1941925589397547 0.4487624353180976 0.6744646044796796 0.06591267907103415
0.5884264464394225 0.9621124760673253 0.1377668050236912 0.06589106633494972
0.9240298396929807 0.5515498287366749 0.3614272710626015 0.06582190557947955
0.05932102347229255 0.7660680317463476 0.05769201004952731 0.06563603604915348
0.4825576727929524 0.6300598061952141 0.3522687237275699 0.0656082573265979
0.4773093982567291 0.3797773179906036 0.3797219369320377 0.06560743095727703
0.2018198483188336 0.5255569320450189 0.9195907044557616 0.06550305415536341
0.7773228885464183 0.6306877775053951 0.8258654401514154 0.06548061504995811
0.1126332020570571 0.1666261663345072 0.5110800882828826 0.06542346843307605
0.2648562299861736 0.02865814835302362 0.4578656134034551 0.06539092219520773
0.5426246175859845 0.3440827247509185 0.669972683611288 0.06528921520186923
0.688309633586932 0.2042002954224801 0.1782535176444615 0.06527059010871412
0.8839457746691275 0.1817482619674692 0.7529371229051106 0.06526855596884736
0.6481401639490467 0.708535767333101 0.6515337717964663 0.06508891599186326
0.1458988550880555 0.04087840061109171 0.645679842687727 0.06495707830174825
0.9190276821145151 0.7397281040372623 0.6278687432629939 0.06493413066137625
0.08468347509469074 0.04540136507715417 0.3975683581308627 0.06493025308225522
0.4786013668969396 0.1344398924748211 0.1913195778529699 0.06483827182015474
0.2813421390001865 0.484088883523232 0.9297064660197218 0.06481570558100776
0.2297882376591755 0.7015742409597653 0.5625991027087225 0.06481151016753253
0.7854491936549413 0.4108967478067606 0.913937026088511 0.06480311934058211
0.762332266569852 0.7695572570736413 0.4990912681216248 0.06478512991613537
0.7531898135485694 0.290998629863093 0.7565871634682002 0.06473478495443283
0.2187848766524329 0.1173335403288796 0.9058242955320922 0.06472658482809492
0.3943646966775541 0.9209442077506896 0.7012425380650301 0.06472594915938655
0.5323339007246705 0.7385523432161557 0.39917871773293 0.06468393145776358
0.1203793156110402 0.6773609386179636 0.226542525957452 0.06466416216093343
0.4775247217675969 0.005695755061770045 0.3132198012212825 0.06465030458309104
0.4044257474214115 0.9153992413269572 0.342613848980141 0.06461877541515611
0.08837302918305365 0.9981864838408422 0.314825252720799 0.0645323244708184
0.1945466766721138 0.07996473798645179 0.9571412410196555 0.06452259873958041
0.1706952079752956 0.4292732726106023 0.7759986345712691 0.06440805123833294
0.08405391719136267 0.5295853811711505 0.8599178796748116 0.0643606939195597
0.9539765378876982 0.08669776884162901 0.5967770450729692 0.06434378513191717
0.0556481479471077 0.02742796339458435 0.5820160404522161 0.0641893812026552
0.06199793275520431 0.6468902181063019 0.1170440163508134 0.06417253598188352
0.8366352556486244 0.1371390301308959 0.9519994965895522 0.06416732349847491
0.7185963500521747 0.8115499738347984 0.9005311590176561 0.0640747701345369
0.1292383724309515 0.423641319550447 0.1930055292286366 0.06407254529405762
0.334265568817097 0.922745698091933 0.1180142818476166 0.06403605791019744
0.3584673547323435 0.1004925640712268 0.3786708245954151 0.06377575157412176
0.1062309431537343 0.3357885746215711 0.6253093620967484 0.06357290968928232
0.0510052390372767 0.2092667865465803 0.2954171099342751 0.06354942808719528
0.4373914465085081 0.8226669782712356 0.1972750514667942 0.06354579841887052
0.6734678967546456 0.4826794832913814 0.5223929640852888 0.06349833939310395
0.3062152479037626 0.4729117861818541 0.1266482952848082 0.06341430398985802
0.6549628161249393 0.6058116863948901 0.2613238104563419 0.06338189759910556
0.3748651757876649 0.01277243873175083 0.9314595304566297 0.06335293017606536
0.955791419648906 0.04832237766384846 0.7379197896997903 0.06334564541266746
0.7923104478473073 0.6203880987578759 0.3880244662243727 0.0633176632761252
0.1603392260180817 0.7480596293901054 0.06932467199275662 0.06327181249219081
0.5946167444761611 0.5870078052575349 0.7838680223844497 0.06319362524106185
0.8682569065021176 0.7012064993741695 0.4559295447474928 0.06313738763043275
0.6822831515750604 0.5490981163255021 0.6523260395261151 0.06310941185057758
0.2705884894104937 0.2882375324953831 0.9851078569720563 0.06309784903677243
0.7812918923623529 0.5758926673672651 0.6110184189862289 0.06304261578270254
0.100749183397132 0.4339014585624547 0.4907440116582175 0.06302448015445287
0.6434938022251694 0.6494704926844341 0.9211827138519736 0.06291378480557809
0.9276921189832661 0.04793843595223959 0.210771813946033 0.06288540219774957
0.3291381474214078 0.3197096508334423 0.02940845919679182 0.06285838627764405
0.4200222198242205 0.1126752170329223 0.2347268691070993 0.06277217053072841
0.5303293289757075 0.3508573247279346 0.9300348049507179 0.06276827388154613
0.07204723071556619 0.3293346603938386 0.4217845588601908 0.06274606361687585
0.03877977155249557 0.1660011821758842 0.4485627903854554 0.06272654223084194
0.8829740064884883 0.6635022244286137 0.6702137977696671 0.06270324497268034
0.6521822390948439 0.5406875315107519 0.5795085120191942 0.06263140169526088
0.2052880840009274 0.1300315760623736 0.02753964467103698 0.06263013671453123
0.7922199699042837 0.05073302256585299 0.1412998898567342 0.06262869374656324
0.09627542421927449 0.7256398979949581 0.5853359242884856 0.06261934305986321
0.8595773457359466 0.5867045027401241 0.1544254423210339 0.06260629278128044
0.2864520874046189 0.6619629118533549 0.08496051538377612 0.06248081177824908
0.2853974410960268 0.6742541307980342 0.9351025416675915 0.06234067225480282
0.4217838720932253 0.5977241700850169 0.0592742256122775 0.06232264469023358
0.3955849090581021 0.7489303079826718 0.645451045645701 0.062281491498054
0.4074449510965105 0.4067384196921463 0.8561135412313954 0.06224534737529633
0.8708994842331488 0.04499438952759418 0.6977590160329588 0.06220936852640284
0.6101955509918393 0.4021080668168892 0.3537189317274204 0.06213363495648817
0.01128815697415328 0.7805965470153748 0.5053401049621549 0.06213041211613676
0.1994631577217564 0.9861919423092712 0.4525619121421953 0.06205279061015823
0.2135737192095749 0.5244937699906543 0.1617708854832058 0.06204617329890413
0.6313816708851812 0.3351332304183907 0.1981976313391483 0.06194456165587194
0.01627001655007501 0.2800949754209154 0.740370115504418 0.06193851644645537
0.9241541846388752 0.2028821778313604 0.6865554741109103 0.06192404226996587
0.4168975346873398 0.3501350040561574 0.8306046127318643 0.06181977988841978
0.4330348955989373 0.06044122190431926 0.1047287673941583 0.06179462647762974
0.3140949821654956 0.2188813448620543 0.2282845887753252 0.06179383824843139
0.6984169148584115 0.2591332880489606 0.7375363379921119 0.06172734730153635
0.08604490068149095 0.9003673088740102 0.3412532620164549 0.06137080072301412
0.1068279282705942 0.738777655665969 0.4853108087742769 0.06136549288929927
0.2250416436842747 0.8445907106625298 0.01600971773428631 0.0613507453752652
0.5536363803815439 0.6917984334669542 0.1516095923200338 0.06127715400889772
0.8673583813604395 0.6359320720471773 0.9833543487060532 0.06119537522956648
0.1632531464982263 0.8141436593169852 0.4302348300010082 0.06113098834609613
0.6837508189729335 0.9809444925411765 0.06154363291874761 0.06110722704977744
0.8382806018275132 0.4319745276769679 0.08876082433045961 0.06102559447424913
0.02657438130612777 0.9422370063240991 0.1772409816796153 0.0609945738412809
0.9362471627892666 0.7441147253358953 0.8929284031759311 0.06097489989475698
0.4277063285866146 0.2180851646086644 0.7057118865062748 0.06095894461017701
0.4688631360466956 0.8801430844000437 0.9896214493798363 0.06089612147172924
0.9025853046239974 0.843824357020272 0.4443501569795768 0.06084914555418104
0.1943597852810617 0.1109191338497341 0.3837367650917766 0.06080208064301365
0.1964642727230096 0.8703730195959922 0.7763154735885315 0.06069073691205634
0.7005512173225945 0.3370296265633734 0.2987560858293773 0.0606814180087917
0.8869547696266311 0.826339064966914 0.8675653713691845 0.0606697471313061
0.5950729899240769 0.2679662664615082 0.2992551448380217 0.06065262221630274
0.9642309233452979 0.864252044894793 0.3274369741124842 0.06065227895520024
0.2456892693241685 0.8261338099138738 0.6403570243745995 0.06061972636064483
0.5612540530343707 0.898244968927039 0.1397136608076782 0.06041036251485754
0.9632036542030379 0.1251052006481853 0.6681676433919032 0.06030924669341785
0.8386835449090045 0.373505401598168 0.2583287754795224 0.06029963538254736
0.8036000610875744 0.7830154763020495 0.2803423317656781 0.06028199557589022
0.6226786770871554 0.99784529342753 0.2867976833425222 0.06026070067415998
0.3717319343565416 0.275944947598692 0.01634539963715949 0.06025088594930281
0.3159254089539314 0.02558816321123067 0.4968422016127023 0.06020809908854272
0.1577062180319675 0.4641811726832707 0.9735807960525886 0.06017018780677581
0.4441428041768777 0.6155763616732961 0.2893572305607358 0.06016615766716477
0.8320941443822762 0.2031958072957049 0.5617420979644047 0.06014999261191103
0.6003647382288223 0.3368321185130839 0.9161827400829433 0.06014170349195394
0.7948448743753741 0.1929632569515696 0.2079390471684847 0.06011013618389652
0.6960777418142483 0.5284135187319231 0.9092787786587919 0.0600969969116946
0.4914846619812686 0.4444895375988902 0.6442311842848386 0.06005328197462029
0.9816151643421962 0.6960756888573796 0.2036780213094684 0.05996452355287122
0.2126394224073448 0.6470023226729117 0.758620726010704 0.05987465906756959
0.7632192063736335 0.7599054147337263 0.5669194848212172 0.05982120568588314
0.4260456744432271 0.4188572989295798 0.5348820902858292 0.05980355316585183
0.685772649170013 0.8993342600920644 0.5690434606783145 0.05971200415847302
0.8092433740923251 0.1449727338213784 0.3818413132899635 0.05964246835846492
0.3288328155034106 0.3955459529980921 0.1018595226370165 0.05950229705158325
0.8454397007282943 0.4141321593540894 0.3149903274668671 0.05939915344696384
0.2985069383204357 0.4817827180459444 0.2059050591456401 0.05937909174252783
0.3148742952246019 0.8188932077726604 0.490074444665267 0.05937363134832296
0.6426643751770971 0.8695743643772907 0.7630571323227942 0.05932735466635396
0.9516036518918554 0.358373912832154 0.1837706734671138 0.05929820289938832
0.674332551575753 0.2125630264755739 0.6913008811766328 0.05923469323873551
0.4875630232564216 0.5144239080391499 0.3956511659974248 0.059203119573991
0.1939043785495453 0.8092917269524337 0.07419908822596569 0.05919364811023636
0.4978181453899882 0.7518992717038583 0.984705293391364 0.05908212003535362
0.3965534087975351 0.1710133987874704 0.2749557804319983 0.05906072978331711
0.8981837707170436 0.7824923737687749 0.1864351732822403 0.05878558058290111
0.6755103346138239 0.7661368039627368 0.05599521798030722 0.05877061058481908
0.7869794399860216 0.9290495561895986 0.9172497979281717 0.05872739782602442
0.5688160863160385 0.1329441852360986 0.3517071159204551 0.05862692402998016
0.4236143172227054 0.4471935935750903 0.4054271510803308 0.0585136542228365
0.8200743954126269 0.05288648678356143 0.3447988125078111 0.05847056859778348
0.02256298697213386 0.5188965257419653 0.8607532004010191 0.05826389998731967
0.509944978211166 0.1695724736225752 0.2920291391681564 0.05825378649816958
0.2305592973623633 0.4634997345140622 0.3482084714656624 0.05820490357449627
0.777946218954468 0.6262926864281235 0.9839638639051661 0.05813276788947095
0.8898186131787853 0.09224901363131295 0.3271739853425698 0.0581297103229837
0.8912586378355122 0.1163107984533146 0.9743714801722362 0.05792367738122826
0.93764518450837 0.2152631965572366 0.06047696778358402 0.05789963639067789
0.3330414005080621 0.7729489669960745 0.09848458600499069 0.0578664989809108
0.9987274930502128 0.7226695202546704 0.8185638553152877 0.05785192945411506
0.1998670871488079 0.6580678228852245 0.119104053273984 0.05771960229909461
0.05540032285311864 0.2766692130534678 0.8046688835464598 0.05760240405933326
0.6551053381967669 0.09390438519052235 0.8363146245487263 0.05758105830410634
0.5562925876435117 0.9380516420762357 0.5981866079685342 0.05756926029287908
0.9137549131555878 0.7367306564640791 0.7144506828797269 0.05736411093062828
0.4228951147663053 0.300628282222955 0.2786303148631855 0.05728116252087365
0.9031782219668023 0.3983773471498115 0.7843202919979755 0.05726478769494615
0.4949762315178279 0.4613925312126272 0.8281333231641073 0.05725743300799037
0.2222025054818547 0.009248193505311881 0.5830137256474293 0.05723990126501365
0.3189802258407975 0.6181756622427622 0.4975796582415099 0.05720931924345418
0.461645647604864 0.08966890874954829 0.7191686149387334 0.05720418939697767
0.8419793050652927 0.8965088473716544 0.879659855130974 0.05717055616561804
0.01268704988500065 0.9506046722737924 0.4005687304395983 0.05708280845711527
0.8636062531030479 0.7206686538307314 0.6648512629184892 0.05707535206316614
0.9033929172750375 0.1513538297788267 0.1692458081108352 0.0569232619680026
0.4978656206425177 0.8518990570755319 0.2816789986443768 0.05686121434537905
0.6513229467458549 0.7191484226306446 0.133281259539315 0.05670262135932894
0.7191756262881553 0.6436215322296452 0.8654044951638864 0.05666519318578038
0.8286685396209323 0.4744190613322686 0.2532284446400224 0.05662351874525994
0.03352714586650914 0.0420707341536436 0.5274578843271504 0.05660069823862961
0.8702355530037568 0.602587068389858 0.2125889461114943 0.05649528529672135
0.9986072623940541 0.33732764190173 0.7705599723741988 0.05641064600820248
0.2967760383411622 0.5528349987936751 0.8485211098187253 0.05631774302647486
0.08113605817875526 0.4711484070873782 0.012407466016678 0.05628056276372256
0.5059354243416234 0.1128040505606562 0.2440866828861698 0.05624058555865345
0.8979212126743475 0.2901573874605581 0.5070602291417489 0.0562348899670265
0.4980366660749875 0.4952613164116195 0.5598387996083684 0.0559169539058504
0.8540213268907626 0.03636001541052507 0.06245156449661242 0.05591275849237517
0.1161849658428061 0.6897783364517933 0.950133769520535 0.05589936495268992
0.5338695019401158 0.3554347435578292 0.4312088933643315 0.05586440317372981
0.7732659122008854 0.5517166404135243 0.4892665948981058 0.05578287230519485
0.953334817215058 0.1817386151378751 0.7446897438738522 0.05575438163368592
0.9193632204263016 0.8590029277526223 0.6871847669648921 0.05572892945860296
0.9017003289760296 0.2879119540959417 0.3803498429462055 0.05572367247838476
0.4319593701563341 0.9485161846638961 0.774860566358466 0.05558842760399291
0.4389152656143592 0.2705838089022817 0.5306987783116066 0.05554762402960293
0.5477667357097376 0.555707346370989 0.8635716957406976 0.05546899181037811
0.9497889829950256 0.5782661690441403 0.004116021232261929 0.05544932422054129
0.7859646067052444 0.4211212204151085 0.8274489371577758 0.05543626122858439
0.6521559473677475 0.3858855544328988 0.9858207294547165 0.05539590262229025
0.09718291580264485 0.7772043029326429 0.1858225337237878 0.05537905740151856
0.3339831829762595 0.1644270564266255 0.2031312247596247 0.05537641301969177
0.1145531146672226 0.7370514493847429 0.3822656152571567 0.05515916052523367
0.5175336399195681 0.6013575658769365 0.0124782280242808 0.05504921526543476
0.103149342068117 0.6227246742092795 0.8765417289158185 0.05496353983692127
0.9375129177851261 0.9659975858785114 0.07940967172944362 0.05495501551954209
0.8252611026335422 0.4354876464783952 0.8698757491312503 0.05495127143084981
0.2799993190527751 0.5480468111801177 0.9284466959825062 0.05494731757148378
0.5612389517102555 0.8252522453422835 0.03466820003051292 0.05486382248663996
0.04737204476131707 0.6148401042322656 0.5511292399961285 0.05481389070959785
0.0004289649441526575 0.6849993143140731 0.9360135942325593 0.05479165501817924
0.68842172019888 0.4333427147651059 0.1915121068515465 0.05466737542900668
0.3412625241588735 0.9919527226313116 0.1197293429948873 0.05460417088933391
0.8850318590672699 0.6719928697062314 0.7322512627889158 0.05458769435641306
0.6908037681716183 0.9203157732680634 0.2106601533893069 0.05456652658842451
0.767791854389445 0.3659664075666589 0.3188417738563543 0.05441210994578833
0.593517387505942 0.5458954145501714 0.922521037500815 0.05440073783259568
0.03160485929164533 0.05224367094944873 0.7461848047060721 0.05419352890372978
0.5199856214615652 0.1705436149456627 0.4811451026023703 0.05399746960400859
0.2378454961505432 0.8179964209967435 0.8268043965203123 0.05398196564421155
0.1073752353075273 0.3753697644686352 0.3358107378527064 0.05379215496789361
0.1238341738144563 0.446010463257987 0.8152596178899167 0.05334680547081273
0.8008900551087003 0.1542027353681726 0.6938046148987286 0.05326519832203276
0.704711302546017 0.9865341972104031 0.7346398696963745 0.05324955451511987
0.7658917396024526 0.5112203448102796 0.2710061751720264 0.05324836581463524
0.3047612795719939 0.6134066573446941 0.7508158529309218 0.05321611834105984
0.8686801336890085 0.1966728526391191 0.9415182514407774 0.05310563276285885
0.6588634479777818 0.3187662466345217 0.368284526831789 0.05295324390340236
0.4206372644551706 0.4715103432487525 0.6566090098736354 0.05289593201265613
0.5435143070870597 0.004071778819645066 0.672926853190266 0.05262265803492979
0.3465164019979088 0.7200621685020008 0.6570609344872156 0.05260477031747639
0.3317003324842057 0.2542098056725933 0.6665352033046088 0.05253816495021386
0.7609271704063738 0.9283783616492053 0.5146629415362517 0.05249663671349632
0.6919145447760592 0.96610855307342 0.7850659442901186 0.05243338132032686
0.7432917609129743 0.7227927050633678 0.2101322214940735 0.05238305542868557
0.001828760257713281 0.5457272338618054 0.7601941982952302 0.05234362489870566
0.3453020276752057 0.7625632681564479 0.210250420622231 0.05224809024852541
0.1147718175275781 0.2566874311766809 0.3165147727961786 0.05221108797301145
0.1380252197894972 0.4961878228343423 0.1419245862447626 0.05211707257104418
0.01863818772734812 0.3494120327747784 0.0295962818592442 0.0519917949819995
0.6758468965553215 0.6056043529585705 0.8779760032167783 0.05192961386894718
0.7435820311637945 0.5647611254371196 0.8135181691709451 0.05188439875372115
0.4733698740822035 0.373125221658598 0.8947758009735737 0.05184822920421515
0.5520013012800891 0.8784484965436539 0.01019340180970225 0.05181159561655205
0.5366593724940979 0.3471487626377771 0.5581013290535356 0.05181054040649615
0.1193897527524453 0.748196525545555 0.01518424064253861 0.05173597646700488
0.3326435330685152 0.01980543218564495 0.658102855122687 0.05172891418765493
0.671700166281053 0.1947153341552508 0.9756838113287214 0.05168673121216782
0.9629322401748178 0.2644729010554049 0.7830091794158808 0.05168380713610932
0.1297753220573772 0.2244684520684961 0.767053180465998 0.05165443288509575
0.5476257961983984 0.5405030633198202 0.4477476195870239 0.05109470116063157
0.8727481542771565 0.8427070085467155 0.08270246820445351 0.05108638025723908
0.7522220160985519 0.3633194253047833 0.8542745673333908 0.05100605080256293
0.9317323663001101 0.3976227237436274 0.6571608617321181 0.05091140608857438
0.5232492154192617 0.6215412987329709 0.1149416284982192 0.05073067911809896
0.2769185591910507 0.5562109691553958 0.7574044283772385 0.05065491376474888
0.533360171698106 0.397141946651507 0.7923541111892705 0.05055009199473941
0.2644152210838664 0.8487608089383567 0.2207658762377409 0.05054716156199383
0.2823358967623184 0.07516447428515569 0.6060209087934539 0.05053361546181857
0.01949451985139014 0.1607905382670698 0.7389594825290012 0.05045098488641815
0.9466790480081008 0.4471174084928122 0.1154998943638415 0.05024918549826041
0.2910942978638293 0.9859619182706132 0.03611281104005783 0.05019071033377787
0.8933837129172648 0.0926547056579809 0.2445560052497784 0.05010255579730173
0.3885347419023746 0.4624354712124282 0.9049195138860768 0.05005788100047782
0.5744106791534506 0.4909151875393969 0.852491891739109 0.04997936955830758
0.2948554228264021 0.9601816589480158 0.3251267175686779 0.04964280840397638
0.4475460502712818 0.05907111620123448 0.2130284168342537 0.04960777670145834
0.7474539348720034 0.7566386263716277 0.4279957468203994 0.0496011085367076
0.1870817291450899 0.1751390425882451 0.3828001074238351 0.04952551481390877
0.1298567955314644 0.6739434033362933 0.1228865373998697 0.04913790310560872
0.3143267851019974 0.3553773190602474 0.9172117099680548 0.04888572697231303
0.9446499769522576 0.3250117553716017 0.3272266165204615 0.04878128660352857
0.6416815589271936 0.2948388659297526 0.7055288795494932 0.04872897742551718
0.2082520609399717 0.7227612803973882 0.2866562501612701 0.04839739355717246
0.794249957521668 0.5873202059042304 0.2250277788718453 0.04815739683632906
0.06628893766300259 0.2149771355598024 0.8119374613443805 0.04804483897813877
0.553220793958771 0.6619338741550661 0.1035077475611228 0.04753048128607771
0.473320918328084 0.2162112257806889 0.2943304885751866 0.04751291775966558
0.2224349448736858 0.4499673812171014 0.4431081428700842 0.04737842933103668
0.3926574181188851 0.413413433471322 0.08475529105123415 0.047173896567433
0.2775137785135236 0.884681847839934 0.3639999529925652 0.0470616565435969
0.4044192319665531 0.1098031585938832 0.5807004881910209 0.04680042848789407
0.995583447966221 0.446303626421915 0.8015701026323725 0.04637869408332898
0.6945073699677941 0.6894544774169292 0.8335847071692761 0.04619770648868313
0.2391058584111038 0.9788555084217977 0.09232158437894146 0.04616366642935017
0.243244425215056 0.7224009864023772 0.1763138617140704 0.04600804201616811
0.1952152847152608 0.9021890667219394 0.9529071039487462 0.04594675083930751
0.591525992352954 0.01069523668757122 0.5010929948980061 0.04588846637543748
0.719955058917074 0.4764550887073543 0.1431080688509517 0.04573807987241236
0.7591791502308851 0.7504349887937383 0.2744001158051445 0.04516412188225494
0.5949361316033154 0.3484182194192967 0.494934004962409 0.04502416670273411
0.3586975819498056 0.5506415877500359 0.04913733069154012 0.04338480888729484
0.5003909312303771 0.05719290776701498 0.601149796374721 0.04325688055973628
0.4455910093261289 0.2095553255697563 0.5873867432467127 0.04319990557340547
0.03433498894064177 0.614750198850642 0.06736901453106917 0.04242882671678393
0.5719269744981731 0.127187087183543 0.8329028248637032 0.0418834992452513
0.5975480335718797 0.1792301725564456 0.6454793369784387 0.04186464531136118
0.1379625123245453 0.8589614880896749 0.05873577389375652 0.04157330562894309
0.8420494314758217 0.2528432746585574 0.9034149620246591 0.04137632460959478
0.6023740443527968 0.2395270507768817 0.4907960049223156 0.04092983090883883
0.5004428176031995 0.7634705905956072 0.1195148022394436 0.04037625245747163
0.4093790146080015 0.6935545579979825 0.5526958598757912 0.0402049524539413
0.271747587973213 0.04925165399825177 0.7363483295655878 0.03961278891197629
0.07614576594727951 0.7550306771263411 0.4076764959135957 0.03933667985181065
0.1534203757774225 0.6193818056587156 0.9784448439033877 0.03911424665737939
0.5847200091217454 0.9830374466693317 0.7284532027545646 0.03736811556899593
0.03138299790342842 0.4539374370226302 0.3442765361413251 0.03620269327245275
